273 315
273 315
273 315
271 311
266 306
266 306
257 300
257 300
243 295
243 295
225 293
206 295
206 295
189 302
189 302
176 311
176 311
170 322
170 322
169 335
169 335
169 335
173 347
173 347
181 358
181 358
193 367
193 367
206 372
206 372
220 373
220 373
233 369
246 359
246 359
256 343
263 322
263 322
266 298
266 298
266 298
262 241
257 215
252 194
252 194
247 181
243 176
243 176
242 181
242 181
241 195
241 195
241 215
241 215
241 215
242 240
242 240
244 265
247 288
247 288
247 288
249 310
249 310
250 332
252 352
258 368
258 368
267 379
267 379
278 387
292 391
291 391
291 391
306 392
306 393
321 391
334 388
347 381
347 381
357 370
364 356
364 356
367 339
368 323
368 323
368 308
369 293
369 293
369 293
373 280
373 280
380 268
391 259
391 259
403 253
403 253
416 253
416 253
429 259
435 268
436 280
436 280
432 289
424 293
424 293
413 290
413 290
400 285
400 285
385 278
370 273
370 273
356 271
346 275
346 275
338 288
333 313
333 313
333 343
333 343
333 343
338 370
338 370
348 392
348 392
359 408
359 408
373 417
373 417
388 421
388 421
406 419
406 419
424 410
424 410
442 395
442 395
459 376
473 354
473 354
473 354
484 330
489 305
489 280
481 258
468 240
452 229
452 229
434 223
434 223
417 223
408 228
408 228
390 237
390 237
390 237
377 251
377 251
369 266
369 266
367 279
367 279
368 287
368 287
374 290
