160 89
154 89
148 89
142 89
134 91
127 91
122 91
119 94
115 94
109 94
105 94
101 95
98 97
95 97
92 100
89 101
86 103
85 103
85 105
82 106
82 108
81 110
80 110
80 113
80 115
79 119
79 122
79 127
79 130
79 132
79 137
79 139
79 144
79 147
80 150
81 153
82 155
82 155
82 157
83 158
84 160
84 161
85 163
86 164
86 164
86 164
86 164
86 166
87 167
87 169
88 170
88 172
89 172
90 173
92 173
92 174
95 176
99 178
100 179
103 179
103 179
106 179
106 180
109 180
110 180
113 180
113 180
117 180
121 180
125 180
125 180
127 180
127 180
128 180
129 180
130 180
133 180
133 180
136 180
136 180
139 180
140 180
140 180
140 180
140 180
141 180
141 180
141 180
141 179
141 179
141 179
141 178
141 178
141 175
141 173
141 171
141 170
141 169
140 167
140 167
139 165
138 164
138 164
137 164
137 160
136 159
134 159
133 157
132 156
131 155
128 153
127 153
125 151
124 150
122 150
121 148
120 148
120 148
119 148
119 148
119 148
116 147
116 146
115 146
115 146
115 145
115 145
115 145
115 145
115 145
116 143
119 143
122 143
124 142
127 142
128 142
130 141
131 141
131 141
132 141
132 141
132 141
133 140
135 140
136 140
141 139
143 139
146 137
148 137
150 137
151 136
152 136
153 136
153 136
153 136
153 136
154 136
154 136
154 136
154 136
154 136
154 137
154 137
154 137
155 138
155 139
155 139
155 140
155 141
156 141
156 141
156 143
156 144
156 145
156 146
156 147
156 148
156 148
156 150
156 151
156 152
156 152
156 154
156 154
156 155
156 158
156 160
156 162
156 162
156 162
156 164
156 165
155 165
155 167
154 168
154 169
154 169
154 171
154 171
154 171
154 172
156 174
156 174
159 176
160 177
160 177
161 177
161 178
161 178
162 178
162 178
163 179
163 180
165 181
165 181
165 181
166 181
167 181
167 181
167 181
168 181
169 181
170 181
172 181
172 181
173 181
176 179
178 177
178 177
179 175
182 174
182 171
183 170
185 168
187 165
187 165
188 163
189 163
190 158
191 156
192 153
193 150
195 149
196 147
196 144
199 144
200 141
202 141
203 141
204 141
204 140
205 140
208 140
209 140
212 140
212 140
213 140
214 139
214 139
216 139
216 139
217 139
218 139
218 140
219 140
220 141
220 141
221 143
223 145
223 146
224 148
224 150
224 150
224 151
224 151
224 151
225 153
226 153
227 153
227 154
228 156
229 156
230 156
230 158
230 158
230 159
233 162
233 162
233 164
233 165
233 166
233 166
233 167
233 167
233 169
233 171
233 171
233 173
233 173
232 173
230 175
230 176
230 177
230 178
229 180
229 181
228 183
228 183
228 185
227 185
227 185
226 185
226 185
226 185
225 185
222 185
221 185
219 185
219 185
219 185
218 185
217 185
216 185
215 185
212 185
210 185
207 185
207 185
206 185
206 185
206 185
205 185
204 185
203 185
199 184
199 184
198 184
197 184
196 184
196 184
195 183
195 183
194 182
194 182
193 182
193 181
193 181
193 181
192 181
192 181
192 180
192 180
192 179
191 179
191 179
191 179
191 179
191 177
191 177
191 175
191 175
191 174
191 174
191 174
190 171
190 170
190 170
190 169
190 169
190 167
190 167
190 166
190 164
190 162
190 162
190 162
190 162
190 160
190 158
190 157
190 156
190 156
190 154
191 154
191 154
191 153
191 153
191 153
192 153
192 153
192 153
192 153
192 153
192 152
192 152
193 152
193 152
193 152
193 151
193 151
193 151
193 151
193 151
193 151
194 151
194 150
194 150
194 150
195 150
195 150
195 150
195 150
195 150
195 149
195 149
197 147
169 -1
169 -1
169 -1
170 -1
170 -1
170 -1
172 -1
172 -1
176 -1
183 -1
191 -2
199 -2
209 -3
223 -4
234 -8
242 -10
247 -10
250 -10
253 -10
254 -10
256 -10
257 -10
257 -9
261 -9
260 -15
