272 159
272 159
272 159
272 159
272 159
272 159
272 159
271 159
271 159
271 159
271 159
271 159
271 159
270 159
268 158
267 157
265 156
264 156
264 156
264 156
264 156
264 156
264 155
263 155
260 155
259 155
258 154
256 154
254 153
253 153
253 153
250 153
250 153
249 153
246 152
243 152
241 152
238 152
236 152
234 152
232 152
230 152
229 152
225 152
223 152
222 152
220 152
218 154
214 154
209 155
206 157
204 158
203 158
201 158
200 159
198 160
197 162
194 162
192 165
192 166
188 169
186 171
185 173
182 174
182 175
179 178
178 179
176 181
176 181
175 183
174 185
173 186
171 188
170 190
170 191
169 192
168 194
168 197
167 197
166 200
166 201
165 204
164 206
162 209
162 211
161 212
161 216
161 217
161 219
161 222
161 224
160 227
160 229
160 231
160 233
159 234
159 237
159 238
159 240
159 244
159 246
159 247
159 250
159 252
159 254
159 256
159 258
159 258
159 261
159 261
159 262
159 263
160 265
160 266
160 266
163 273
163 277
164 279
165 281
167 283
167 287
170 289
170 289
173 290
175 290
177 291
178 293
180 293
183 293
185 293
187 294
188 294
191 296
193 297
195 297
196 297
199 297
200 297
202 299
203 299
205 299
207 300
210 300
211 300
214 300
217 301
218 301
220 301
221 301
222 301
224 301
227 300
230 300
238 296
240 296
242 295
246 295
246 293
246 293
250 292
250 292
252 290
252 290
252 290
252 290
252 290
252 289
252 281
253 277
253 272
253 270
253 268
253 266
253 264
251 262
251 261
250 261
248 258
248 258
247 258
246 257
245 255
245 255
241 254
241 254
241 253
238 253
237 251
234 249
232 248
231 247
231 247
230 245
227 245
227 244
226 243
225 243
225 243
223 241
222 241
222 241
221 241
221 241
220 241
220 241
220 241
220 241
220 240
220 240
223 240
225 240
229 240
232 237
236 237
240 236
245 236
248 235
250 235
253 235
255 235
256 234
260 234
262 234
263 234
263 234
264 234
264 234
264 234
265 234
265 233
267 233
268 233
270 233
270 233
270 233
270 233
270 232
271 232
272 232
272 232
272 234
272 234
272 236
272 239
272 241
272 241
274 249
274 252
274 255
274 259
274 262
274 264
274 264
274 266
274 267
274 269
274 270
274 271
274 272
273 272
273 272
273 273
273 274
273 276
273 278
273 278
273 279
273 279
273 281
273 281
273 282
273 282
273 282
273 282
273 282
273 282
273 283
273 285
274 285
274 285
273 285
273 285
272 285
272 285
272 286
272 288
272 288
272 289
272 291
272 292
272 292
272 293
272 293
272 293
272 294
272 296
272 296
272 296
273 297
273 297
274 297
274 297
274 298
274 298
274 298
275 298
276 298
276 298
277 298
277 298
277 298
278 298
280 298
280 298
281 298
281 298
284 298
284 298
286 298
286 298
287 298
289 298
289 298
289 298
290 298
292 298
293 298
295 296
295 296
296 295
297 295
300 294
300 292
304 290
305 287
308 286
309 284
311 283
311 281
311 279
312 277
314 277
315 275
316 275
316 273
317 273
317 271
317 271
318 270
320 268
320 267
321 265
322 263
322 260
323 259
323 258
326 256
326 255
328 253
329 250
330 250
330 250
333 246
334 245
336 245
337 242
337 240
337 240
338 239
338 238
341 235
341 234
342 232
342 232
343 230
344 230
345 228
347 227
348 226
350 226
352 223
355 223
356 223
359 222
362 222
364 221
365 221
369 221
371 221
371 221
374 221
376 221
379 221
380 222
383 222
385 223
385 224
388 224
388 224
389 225
391 225
392 228
393 228
395 229
395 230
397 231
398 232
399 232
401 234
401 236
404 236
406 238
408 240
408 243
410 243
412 244
413 246
416 246
418 250
418 251
419 252
419 253
422 255
422 256
422 258
422 258
422 261
422 264
422 267
423 270
423 271
423 273
423 273
423 275
423 278
423 279
423 282
423 284
422 286
421 286
419 288
419 289
418 289
418 290
417 290
413 293
410 295
409 296
406 297
404 299
403 299
401 299
401 299
395 299
388 302
388 302
387 302
387 302
387 302
379 302
378 302
378 302
371 302
370 302
368 302
365 302
361 302
358 302
355 302
354 302
352 302
351 301
349 301
348 301
345 299
345 299
344 299
343 299
342 297
340 297
338 293
338 293
337 292
337 291
337 290
337 289
337 287
336 285
336 284
335 282
333 280
333 280
333 279
333 278
333 276
333 274
333 274
332 272
332 271
332 270
332 269
332 269
332 269
332 268
331 266
331 264
331 261
331 258
331 256
331 256
331 256
331 255
331 255
333 254
333 252
333 250
334 248
335 247
336 247
336 246
336 246
336 246
336 245
337 242
337 241
339 239
340 237
340 237
340 236
341 233
342 233
342 230
342 230
342 230
342 230
343 230
343 230
344 229
344 228
344 228
345 228
347 228
347 228
350 227
350 225
350 225
350 225
350 225
351 225
351 225
351 225
353 225
353 224
353 224
353 224
353 224
353 224
429 108
32 276
