73 336
76 348
79 360
85 369
95 372
105 367
112 358
119 347
124 334
128 321
130 311
135 296
140 284
146 270
146 256
151 244
152 234
154 224
159 215
162 226
162 238
162 249
163 261
164 271
170 280
175 289
185 287
194 277
204 265
210 255
216 246
227 240
234 232
240 223
243 213
251 220
249 230
244 241
242 254
240 266
238 279
231 291
226 300
225 310
222 321
219 332
219 344
224 353
232 360
242 363
251 357
261 353
269 346
276 336
284 325
292 315
300 308
307 300
317 297
328 295
346 297
358 298
369 306
372 318
375 328
376 338
372 349
364 358
354 364
344 367
333 370
322 370
312 369
301 367
290 358
290 347
290 336
293 325
299 315
306 304
315 298
