0 0
0 0
0 0
0 0
0 0
127 91
119 94
109 94
101 95
95 97
89 101
85 105
81 110
80 115
79 122
79 130
79 137
79 144
80 150
82 155
84 160
86 166
88 172
95 176
100 179
106 179
113 180
121 180
127 180
0 0
0 0
0 0
0 0
0 0
0 0
131 155
125 151
120 148
115 146
122 143
127 142
0 0
0 0
0 0
0 0
0 0
0 0
0 0
0 0
0 0
0 0
0 0
0 0
0 0
0 0
0 0
182 171
187 165
190 158
192 153
196 147
200 141
205 140
212 140
217 139
221 143
224 148
225 153
230 156
233 162
233 169
230 175
229 180
228 185
222 185
216 185
210 185
204 185
199 184
194 182
191 177
190 171
190 164
190 158
191 153
195 149
195 149
