
dataset[0]  =   [250.954,157.455] [250.985,157.374] [252.314,165.383] [252.278,165.392] 
[253.253,179.852] [253.185,179.898] [251.515,201.912] [251.485,201.889] 
[249.289,230.195] [249.293,230.171] [248.033,261.403] [248.047,261.362] 
[248.492,291.501] [248.553,291.489] [248.138,299.204] [250.772,318.993] 
[252.669,341.847] [252.725,341.871] [252.675,341.895] [254.003,358.927] 
[254.045,359] [254.068,358.973] [255.567,368.321] [255.536,368.248] 
[258.051,368.062] [260.254,358.125] [260.179,358.157] [262.314,339.462] 
[262.327,339.427] [265.393,315.422] [270.59,288.788] [277.574,262.58] 
[277.504,262.545] [286.369,239.612] [286.37,239.548] [298.52,223.272] 
[298.543,223.331] [298.491,223.381] [312.203,215.06] [312.187,214.996] 
[326.172,215.335] [326.236,215.299] [338.106,224.623] [346.294,241.801] 
[346.288,241.859] [348.651,264.981] [344.575,289.439] [344.542,289.376] 
[335.065,311.318] [335.043,311.257] [324.267,329.141] [324.246,329.117] 
[311.995,340.465] [311.971,340.371] [297.453,350.919] [297.519,350.888] 
[281.816,352.574] [281.78,352.311] [267.021,347.719] [266.997,347.717] 
[254.523,338.279] [254.53,338.251] [247.46,324.767] [247.392,324.725] 
[245.517,307.786] [245.513,307.78] [247.248,291.069] [252.058,276.701] 
[252.065,276.735] [259.188,267.319] [266.836,264.589] [275.26,269.579] 
[275.311,269.536] [275.314,269.569] [284.353,282.714] [284.288,282.662] 
[294.78,302.203] [294.732,302.171] [306.488,325.157] [306.483,325.121] 
[319.761,346.189] [334.368,359.21] [334.274,359.222] [348.269,363.092] 
[348.266,362.975] [361.256,355.477] [361.171,355.502] [370.159,337.201] 
[370.2,337.218] [376.141,311.535] [376.111,311.545] [379.757,282.551] 
[379.803,282.548] [379.813,282.538] [379.79,282.554] [382.247,254.588] 
[382.289,254.64] [384.241,231.854] [384.256,231.833] [385.128,217.547] 
[385.184,217.439] [384.719,212.214] [384.651,212.205] [382.284,217.992] 
[378.927,235.285] [378.932,235.33] [376.319,262.07] [376.252,262.033] 
[375.773,293.428] [375.721,293.442] [378.539,324.322] [378.574,324.301] 
[385.81,348.056] [395.766,360.806] [395.796,360.802] [409.481,359.18] 
[423.326,345.547] [423.306,345.507] [435.818,320.547] [435.845,320.526] 
[445.413,288.795] [445.387,288.765] [452.489,256.298] [452.484,256.27] 
[456.837,226.984] [456.772,226.981] [458.219,205.725] [458.217,205.722] 
[456.643,194.776] [456.814,194.684] [456.775,194.718] [456.766,194.743] 
[451.622,195.361] [451.599,195.385] [443.593,209.118] [443.512,209.056] 
[435.98,234.843] [428.303,268.726] [428.334,268.718] [421.687,304.813] 
[421.68,304.817] [415.912,337.821] [410.064,364.054] [404.355,383.202] 
[404.33,383.319] [397.626,396.138] [397.677,396.038] [388.705,401.323] 
[388.724,401.327] [388.68,401.316] [378.636,399.706] [367.973,392.363] 
[367.959,392.374] [356.944,381.301] [357.006,381.244] [347.176,368.278] 
[347.119,368.243] [339.632,355.745] [339.545,355.668] [336.896,344.862] 
[336.887,344.816] [342.303,336.924] [342.25,336.948] [354.176,331.63] 
[354.178,331.726] [371.039,327.995] [371.001,327.863] [391.064,325.667] 
[391.026,325.618] [410.268,324.976] [410.257,324.916] [426.233,324.813] 
[426.172,324.84] [436.323,324.088] [436.333,323.939] [439.626,322.458] 
[439.658,322.407] [437.313,319.132] [437.308,319.067] [431.542,314.065] 
[424.589,307.955] [424.604,307.931] [417.151,300.14] [417.164,300.079] 

dataset[1]  =   [162.955,124.945] [155.86,143.113] [155.826,143.135] [148.786,167.073] 
[148.815,166.993] [143.823,194.503] [143.8,194.52] [141.878,224.721] 
[141.883,224.733] [142.722,255.955] [142.769,255.96] [144.836,285.411] 
[144.906,285.364] [148.068,311.018] [148.054,311.007] [151.596,332.032] 
[151.62,332.24] [151.58,332.237] [153.93,347.038] [153.758,347.003] 
[154.867,355.363] [154.843,355.213] [156.873,357.259] [156.975,357.17] 
[160.025,352.767] [160.028,352.686] [162.95,342.561] [162.91,342.522] 
[166.141,327.605] [166.195,327.604] [170.382,308.913] [170.365,308.972] 
[175.715,288.313] [182.618,267.772] [182.674,267.782] [182.692,267.764] 
[191.903,248.885] [202.803,235.258] [214.918,228.429] [214.9,228.482] 
[227.031,228.379] [227.016,228.364] [238.078,234.65] [238.115,234.689] 
[246.853,247.405] [251.645,263.736] [251.592,263.657] [252.748,280.506] 
[250.901,296.057] [250.89,296.1] [247.226,309.112] [247.217,309.066] 
[241.048,319.754] [241.058,319.662] [232.17,326.763] [220.904,330.055] 
[220.899,330.033] [208.998,330.091] [209.076,330.008] [197.853,326.36] 
[197.863,326.34] [187.73,320.822] [181.024,313.963] [177.543,305.941] 
[177.563,305.992] [177.582,297.239] [177.557,297.181] [179.876,290.315] 
[179.874,290.266] [179.95,290.305] [184.949,286.386] [192.524,286.927] 
[192.398,286.974] [201.575,292.55] [211.619,301.779] [211.657,301.817] 
[223.121,313.466] [223.205,313.512] [236.068,326.61] [236.063,326.587] 
[249.522,338.587] [249.513,338.529] [262.317,346.37] [262.333,346.421] 
[274.201,347.745] [274.185,347.779] [285.166,340.93] [285.146,340.972] 
[285.13,341.017] [293.829,326.74] [293.898,326.713] [298.687,307.142] 
[298.69,307.208] [300.688,285.749] [300.713,285.732] [300.587,265.593] 
[299.195,249.883] [299.13,249.831] [299.094,249.828] [296.443,240.816] 
[296.449,240.845] [293.071,239.512] [290.057,247.841] [290.022,247.773] 
[288.661,264.014] [288.549,263.977] [288.51,263.876] [289.133,284.712] 
[292.891,306.847] [292.962,306.895] [299.291,326.184] [306.705,337.123] 
[314.539,337.457] [314.548,337.53] [322.458,327.747] [322.49,327.691] 
[328.812,309.541] [328.81,309.553] [333.571,286.876] [333.59,286.882] 
[336.894,264.325] [336.928,264.298] [338.548,246.55] [338.563,246.525] 
[338.318,235.277] [338.392,235.234] [338.392,235.161] [336.523,232.866] 
[332.264,239.549] [332.225,239.586] [332.256,239.573] [327.284,253.915] 
[327.31,254.009] [322.844,274.956] [322.846,274.984] [319.027,299.589] 
[319.04,299.579] [316.348,323.648] [316.377,323.583] [313.727,344.375] 
[313.724,344.349] [310.863,359.979] [306.006,369.648] [305.916,369.647] 
[305.937,369.674] [297.418,373.342] [284.65,372.416] [284.664,372.435] 
[269.291,366.177] [269.155,366.224] [252.724,356.815] [237.13,345.628] 
[237.175,345.619] [223.279,334.165] [223.272,334.135] [213.864,323.175] 
[213.809,323.176] [210.797,314.005] [214.99,307.321] [215.011,307.383] 
[226.251,303.596] [226.427,303.697] [226.394,303.683] [243.869,302.369] 
[243.943,302.308] [263.605,302.451] [280.985,303.159] [281.036,303.129] 
[294.891,304.428] [294.873,304.493] [304.873,305.381] [304.915,305.392] 
[311.891,304.154] [311.971,304.311] [315.733,301.802] [315.773,301.813] 
[316.125,298.153] [316.048,298.242] 
dataset[2]  =   [159.176,83.2556] [159.118,83.3042] [157.914,92.2087] [157.933,92.1274] 
[155.644,108.571] [154.669,133.169] [154.662,133.152] [154.662,133.159] 
[153.729,162.868] [153.68,162.859] [154.004,196.321] [155.367,229.65] 
[155.321,229.644] [156.023,259.178] [156,284.642] [155.601,303.807] 
[155.577,303.779] [156.239,314.665] [156.195,314.719] [157.059,319.629] 
[157.045,319.582] [158.276,318.2] [158.313,318.175] [160.432,311.531] 
[160.316,311.5] [160.36,311.469] [162.234,300.892] [162.286,300.921] 
[163.437,287.222] [163.424,287.122] [163.426,287.156] [165.569,270.914] 
[165.542,270.918] [167.488,255.213] [167.459,255.22] [171.02,239.555] 
[171.096,239.514] [177.901,226.01] [177.881,226.086] [186.364,217.464] 
[186.35,217.476] [196.799,212.021] [196.821,212.075] [207.39,211.866] 
[207.381,211.759] [217.968,218.195] [217.958,218.137] [217.92,218.128] 
[228.291,228.44] [228.211,228.366] [235.986,241.934] [235.985,242.022] 
[240.859,257.197] [240.839,257.221] [242.505,272.188] [242.516,272.218] 
[241.47,286.431] [241.457,286.389] [238.692,295.939] [238.626,296] 
[233.566,302.531] [233.527,302.54] [225.973,306.643] [226.1,306.734] 
[218.002,307.994] [218.021,307.979] [218.089,307.961] [208.295,307.927] 
[208.303,307.849] [198.204,307.396] [198.205,307.354] [189.868,305.018] 
[189.826,305.159] [183.573,301.242] [181.621,297.268] [181.669,297.302] 
[183.995,295] [183.949,295.026] [189.77,295.599] [189.782,295.622] 
[198.363,299.101] [198.319,299.082] [207.957,304.822] [207.964,304.852] 
[219.253,312.132] [219.247,312.093] [219.234,312.063] [232.358,319.432] 
[245.515,324.431] [245.537,324.409] [258.884,324.797] [272.494,319.64] 
[272.456,319.711] [285.392,308.935] [285.323,308.948] [296.937,294.223] 
[296.964,294.245] [306.509,276.696] [306.436,276.7] [312.672,258.668] 
[312.703,258.688] [315.506,241.467] [315.565,241.413] [316.144,228.358] 
[316.154,228.249] [316.225,228.193] [315.526,220.861] [315.551,220.839] 
[314.433,220.916] [314.4,220.953] [312.871,228.586] [312.864,228.462] 
[311.538,242.288] [311.458,242.251] [312.255,261.237] [312.22,261.103] 
[312.195,261.08] [316.396,280.592] [316.31,280.599] [323.29,297.468] 
[323.354,297.452] [332.149,308.045] [332.098,307.971] [341.962,310.639] 
[341.933,310.697] [352.291,304.109] [352.291,304.039] [361.393,289.844] 
[361.362,289.739] [368.249,269.727] [372.505,247.809] [374.463,227.311] 
[374.513,227.411] [374.701,211.578] [373.481,203.185] [371.216,202.396] 
[371.152,202.358] [368.104,210.194] [368.09,210.178] [364.84,226.117] 
[364.761,226.167] [364.786,226.103] [361.73,249.015] [361.715,248.952] 
[359.476,275.429] [359.321,275.522] [356.965,302.81] [356.98,302.738] 
[354.298,327.923] [354.236,327.969] [354.239,327.991] [349.204,350.207] 
[349.26,350.247] [343.603,370.021] [343.593,369.969] [335.77,386.23] 
[335.804,386.301] [327.351,396.838] [327.313,396.892] [316.969,402.282] 
[316.931,402.283] [304.218,402.637] [304.236,402.697] [304.227,402.65] 
[288.797,400.348] [288.82,400.333] [272.173,396.158] [272.14,396.148] 
[256.444,390.559] [256.464,390.548] [244.752,384.699] [244.681,384.659] 
[237.89,379.101] [236.835,374.162] [236.771,374.103] [242.792,370.441] 
[253.369,367.029] [253.374,366.89] [265.382,363.1] [265.355,363.252] 
[277.898,359.198] [277.894,359.165] [277.892,359.156] [291.318,355.072] 
[291.249,355.204] [291.204,355.224] [305.191,351.907] [318.8,350.85] 
[318.795,350.825] [321.874,351.556] [329.476,351.999] [329.382,351.976] 
[334.77,354.591] [335.872,355.824] [335.929,355.76] [333.464,355.249] 
[333.49,355.21] [329.683,352.174] [329.692,352.162] 
dataset[3]  =   [230.474,168.346] [230.397,168.361] [234.656,163.595] [234.679,163.607] 
[234.705,163.608] [238.015,162.761] [237.994,162.774] [239.99,165.274] 
[240.038,165.232] [240.433,174.04] [240.329,174.039] [238.565,188.664] 
[236.231,215.909] [234.1,233.657] [234.091,233.613] [232.96,259.849] 
[232.911,259.82] [232.349,279.788] [231.958,293.684] [232.882,304.672] 
[232.909,304.76] [232.88,304.758] [233.806,314.196] [233.874,314.178] 
[234.83,321.468] [234.789,321.457] [235.332,327.268] [235.345,327.275] 
[235.326,331.494] [235.357,331.552] [234.124,334.244] [232.141,334.47] 
[230.335,328.918] [230.31,328.942] [230.29,318.44] [231.121,304.499] 
[231.112,304.521] [233.179,287.881] [233.144,287.859] [233.192,287.89] 
[236.593,270.115] [236.542,270.15] [241.936,252.529] [241.872,252.566] 
[248.866,236.201] [248.829,236.183] [257.53,223.565] [257.547,223.67] 
[266.914,215.44] [266.912,215.521] [266.967,215.524] [276.287,211.246] 
[276.334,211.28] [285.226,213.213] [285.262,213.24] [293.376,220.166] 
[293.459,220.211] [300.933,230.827] [300.911,230.847] [306.153,243.992] 
[306.165,243.999] [309.378,258.407] [309.349,258.401] [310.491,271.691] 
[310.523,271.656] [309.033,284.364] [309.129,284.391] [305.692,295.891] 
[305.699,295.939] [299.901,307.164] [292.665,315.881] [292.629,315.826] 
[284.652,322.349] [277.044,325.871] [277.047,325.861] [269.383,326.128] 
[269.359,326.242] [269.347,326.224] [260.772,324.957] [260.769,324.941] 
[253.501,323.568] [253.565,323.597] [247.337,323.12] [247.343,323.205] 
[242.862,323.273] [242.785,323.288] [240.397,323.241] [240.524,323.374] 
[240.473,323.282] [239.96,324.127] [240.05,324.116] [241.482,325.136] 
[244.401,327.159] [244.29,327.297] [244.309,327.228] [248.76,329.326] 
[248.789,329.303] [253.931,331.867] [253.937,331.828] [253.965,331.768] 
[259.907,334.708] [259.931,334.812] [267.538,338.593] [276.838,342.274] 
[276.83,342.264] [287.175,345.597] [287.095,345.629] [297.492,348.154] 
[297.506,348.129] [307.386,348.809] [307.382,348.775] [315.991,346.292] 
[315.997,346.294] [323.432,338.336] [323.384,338.429] [328.741,326.611] 
[328.777,326.602] [332.435,311.833] [332.419,311.742] [332.462,311.759] 
[334.499,296.158] [334.559,296.124] [335.189,282.057] [335.247,282.024] 
[335.802,271.108] [335.897,271.155] [335.855,263.903] [336.057,261.669] 
[335.993,261.737] [336.215,264.714] [336.328,264.684] [336.87,273.718] 
[336.865,273.727] [337.762,286.042] [339.834,301.282] [343.741,316.158] 
[343.804,316.142] [343.778,316.132] [349.105,328.709] [349.059,328.732] 
[355.838,337.706] [363.148,341.639] [363.081,341.603] [370.323,338.228] 
[376.532,327.493] [376.558,327.539] [381.288,311.666] [381.213,311.761] 
[384.79,293.312] [384.793,293.338] [387.432,274.684] [387.429,274.677] 
[389.058,258.158] [389.071,258.092] [390.625,245.891] [390.644,245.894] 
[390.64,245.969] [391.279,239.829] [391.327,239.959] [391.765,240.247] 
[391.789,240.22] [391.618,246.936] [391.636,246.972] [390.766,259.583] 
[390.892,259.634] [389.567,277.506] [389.591,277.376] [386.848,298.252] 
[386.732,298.181] [386.681,298.148] [383.032,319.502] [383.01,319.48] 
[379.038,340.202] [379.024,340.218] [374.162,358.973] [374.136,359.097] 
[374.156,359.106] [368.248,375.013] [368.23,375.079] [360.847,387.431] 
[360.84,387.471] [351.38,396.284] [351.312,396.404] [340.489,401.009] 
[340.499,401.113] [328.699,401.758] [328.711,401.704] [318.158,398.783] 
[309.248,392.19] [309.305,392.196] [301.809,382.321] [297.022,371.64] 
[295.909,362.049] [295.923,362.114] [301.324,353.868] [301.328,353.903] 
[311.663,347.803] [311.687,347.822] [324.819,344.178] [324.852,344.109] 
[338.971,339.945] [339.028,339.948] [352.515,336.593] [352.531,336.585] 
[352.519,336.587] [363.188,334.699] [363.129,334.643] [369.986,334.727] 
[370,334.731] [372.98,335.775] [372.905,335.742] [372.128,336.12] 
[372.092,336.244] [367.613,331.906] [367.611,331.94] [367.606,331.935] 
