
dataset[0]  =   [273.092,315.336] [273.055,315.375] [273.082,315.373] [271.564,311.246] 
[266.392,306.644] [266.365,306.718] [257.047,300.694] [257.006,300.771] 
[243.513,295.503] [243.482,295.462] [225.615,293.116] [206.754,295.27] 
[206.668,295.333] [189.918,302.009] [189.93,302.019] [176.868,311.667] 
[176.789,311.656] [170.24,322.525] [170.332,322.496] [169.501,335.067] 
[169.453,335.076] [169.425,335.105] [173.208,347.816] [173.232,347.782] 
[181.769,358.826] [181.835,358.811] [193.586,367.499] [193.627,367.578] 
[206.77,372.656] [206.723,372.76] [220.368,373.915] [220.342,373.924] 
[233.432,369.894] [246.158,359.573] [246.139,359.539] [256.668,343.056] 
[263.205,322.375] [263.093,322.45] [266.473,298.376] [266.474,298.344] 
[266.499,298.377] [262.332,241.526] [257.402,215.286] [252.786,194.251] 
[252.708,194.248] [247.561,181.066] [243.753,176.531] [243.682,176.535] 
[242.1,181.797] [242.029,181.713] [241.382,195.336] [241.507,195.316] 
[241.052,215.454] [241.023,215.464] [241.06,215.421] [242.168,240.494] 
[242.257,240.325] [244.72,265.321] [247.909,288.619] [247.726,288.485] 
[247.725,288.524] [249.542,310.552] [249.511,310.54] [250.27,332.416] 
[252.819,352.693] [258.589,368.658] [258.53,368.603] [267.366,379.806] 
[267.3,379.823] [278.643,387.647] [292.002,391.49] [291.957,391.589] 
[291.968,391.541] [306.341,392.992] [306.239,393.028] [321.119,391.68] 
[334.992,388.286] [347.49,381.139] [347.522,381.203] [357.173,370.243] 
[364.207,356.119] [364.242,356.157] [367.55,339.502] [368.18,323.129] 
[368.23,323.147] [368.629,308.3] [369.609,293.656] [369.569,293.689] 
[369.529,293.662] [373.183,280.195] [373.28,280.239] [380.867,268.677] 
[391.49,259.484] [391.461,259.499] [403.533,253.564] [403.482,253.586] 
[416.694,253.675] [416.742,253.673] [429.145,259.256] [435.461,268.504] 
[436.187,280.391] [436.206,280.378] [432.628,289.653] [424.899,293.312] 
[424.954,293.355] [413.67,290.725] [413.665,290.808] [400.128,285.526] 
[400.096,285.531] [385.342,278.627] [370.633,273.105] [370.638,273.144] 
[356.936,271.95] [346.59,275.719] [346.599,275.619] [338.305,288.345] 
[333.246,313.637] [333.258,313.594] [333.323,343.043] [333.299,343.123] 
[333.322,343.126] [338.229,370.251] [338.253,370.127] [348.058,392.327] 
[348.079,392.387] [359.747,408.243] [359.835,408.222] [373.376,417.746] 
[373.376,417.693] [388.777,421.648] [388.772,421.7] [406.172,419.801] 
[406.145,419.768] [424.435,410.812] [424.492,410.823] [442.863,395.983] 
[442.859,395.924] [459.767,376.271] [473.746,354.435] [473.833,354.416] 
[473.852,354.386] [484.566,330.03] [489.912,305.249] [489.089,280.735] 
[481.677,258.347] [468.516,240.891] [452.403,229.877] [452.488,229.846] 
[434.003,223.829] [434.049,223.795] [417.852,223.933] [408.012,228.682] 
[408.174,228.732] [390.546,237.713] [390.563,237.688] [390.577,237.715] 
[377.758,251.214] [377.838,251.234] [369.793,266.39] [369.727,266.395] 
[367.016,279.548] [367.067,279.654] [368.225,287.903] [368.246,287.991] 
[374.021,290.14] , 
dataset[1]  =   [234.119,145.607] [234.215,145.57] [233.054,144.812] [231.271,154.589] 
[231.149,154.526] [229.904,170.438] [227.935,194.632] [227.085,226.555] 
[227.417,261.955] [227.356,261.869] [228.831,294.774] [229.729,321.73] 
[229.67,321.757] [229.791,339.841] [229.558,347.977] [229.48,347.902] 
[228.794,346.509] [227.629,337.748] [227.592,337.71] [227.083,322.189] 
[226.301,301.906] [226.254,301.985] [223.355,278.958] [223.324,278.918] 
[218.039,253.974] [218.036,253.962] [210.505,229.354] [200.477,207.759] 
[200.587,207.676] [190.057,192.078] [190.043,192.108] [190.065,192.152] 
[178.731,184.195] [178.58,184.29] [167.019,184.928] [166.913,185.047] 
[156.912,192.653] [156.975,192.578] [150.623,204.546] [148.362,218.951] 
[148.31,219.013] [148.487,233.987] [148.577,234.012] [150.359,250.134] 
[150.417,250.154] [153.777,266.592] [153.811,266.555] [159.29,282.273] 
[159.252,282.344] [175.546,309.162] [185.83,318.858] [185.832,318.874] 
[197.855,325.599] [209.545,329.3] [209.477,329.395] [219.967,329.029] 
[229.685,324.512] [229.728,324.509] [229.714,324.576] [239.455,318.346] 
[248.653,309.077] [248.465,309.221] [257.339,298.207] [257.28,298.209] 
[266.262,284.255] [266.277,284.037] [274.496,268.891] [281.657,253.11] 
[281.571,253.118] [289.82,237.349] [289.863,237.331] [298.874,225.266] 
[298.902,225.268] [309.144,218.13] [309.109,218.134] [322.481,216.254] 
[322.446,216.282] [337.949,222.919] [337.937,222.931] [352.187,240.367] 
[362.755,265.926] [362.727,265.897] [365.635,290.841] [360.913,308.779] 
[360.946,308.834] [354.272,317.487] [354.263,317.388] [347.004,316.373] 
[347.016,316.393] [339.051,308.081] [330.531,295.605] [330.514,295.429] 
[320.319,282.73] [320.31,282.706] [320.328,282.755] [309.17,272.597] 
[309.118,272.486] [298.068,266.807] [298.017,266.862] [287.623,267.545] 
[279.848,274.416] [279.766,274.449] [274.945,288.152] [274.338,306.135] 
[274.405,306.176] [278.661,327.3] [278.678,327.276] [288.104,348.814] 
[288.133,348.764] [301.637,367.279] [318.931,380.97] [318.764,381.018] 
[318.773,380.91] [336.979,387.374] [355.408,385.283] [355.369,385.298] 
[371.099,375.055] [383.586,359.263] [392.833,340.363] [392.813,340.351] 
[398.514,320.494] [400.706,298.927] [398.473,277.678] [398.503,277.609] 
[391.182,258.411] [391.251,258.306] [391.249,258.313] [380.85,241.153] 
[380.882,241.131] [367.462,227.244] [352.91,218.452] [352.86,218.447] 
[352.867,218.491] [340.001,215.829] [329.573,218.711] [329.503,218.709] 
[329.588,218.71] [322.937,225.58] [322.925,225.574] [320.749,232.455] 
[320.77,232.508] [320.249,236.445] [320.249,236.337] 
dataset[2]  =   [242.598,122.146] [242.544,122.188] [237.19,138.037] [237.179,138.033] 
[232.833,160.318] [232.934,160.311] [232.935,160.322] [229.354,188.421] 
[229.239,188.295] [226.736,220.837] [226.6,220.778] [225.605,255.108] 
[225.481,255.155] [224.287,288.066] [224.338,287.964] [223.67,318.025] 
[223.588,318.07] [223.997,344.388] [223.924,344.449] [223.879,344.466] 
[224.479,363.434] [224.519,363.448] [224.907,371.937] [224.777,371.891] 
[224.43,371.645] [224.4,371.689] [222.675,362.586] [219.459,345.451] 
[219.401,345.476] [214.526,323.918] [214.489,323.899] [208.244,301.242] 
[200.174,278.819] [200.192,278.893] [191.424,257.01] [191.374,257.012] 
[181.533,237.627] [181.509,237.602] [181.43,237.645] [170.148,224.074] 
[170.211,223.972] [159.336,216.734] [159.335,216.558] [150.055,215.938] 
[150.001,215.914] [144.464,221.891] [138.401,234.092] [138.347,234.159] 
[137.234,250.909] [137.219,250.897] [138.984,268.909] [138.91,268.995] 
[143.273,287.421] [143.262,287.383] [149.655,305.264] [149.703,305.317] 
[149.746,305.369] [157.702,323.195] [157.776,323.164] [167.589,339.73] 
[167.543,339.93] [179.527,355.891] [192.905,368.663] [206.399,375.03] 
[218.832,374.858] [218.78,374.902] [229.8,368.485] [229.775,368.46] 
[238.793,355.822] [246.636,339.815] [246.642,339.861] [254.372,321.638] 
[254.279,321.721] [254.28,321.791] [262.474,302.716] [262.468,302.696] 
[272.828,281.644] [272.77,281.717] [284.256,261.078] [284.218,261.155] 
[296.543,243.456] [296.535,243.336] [310.553,229.448] [310.609,229.347] 
[326.277,220.629] [326.283,220.611] [341.999,218.333] [342.012,218.416] 
[355.822,224.928] [355.845,224.964] [365.183,238.808] [365.187,238.756] 
[366.176,255.336] [366.14,255.366] [366.112,255.432] [359.56,269.273] 
[350.981,274.193] [351.028,274.246] [341.54,270.563] [341.453,270.574] 
[331.461,261.062] [320.735,248.483] [309.498,238.379] [297.733,233.206] 
[297.696,233.173] [285.845,233.818] [285.854,233.789] [275.514,241.255] 
[275.601,241.226] [268.82,254.573] [268.806,254.516] [268.8,254.544] 
[265.787,267.486] [265.997,265.981] [265.239,290.983] [265.228,290.979] 
[270.492,311.359] [270.511,311.282] [279.813,329.887] [279.774,329.938] 
[279.78,329.971] [292.309,345.685] [292.301,345.707] [306.299,357.442] 
[306.303,357.496] [321.536,364.847] [337.469,365.653] [350.87,359.058] 
[350.767,359.166] [350.87,359.14] [360.906,343.77] [368.513,322.786] 
[368.542,322.708] [375.214,296.274] [375.195,296.294] [379.254,267.242] 
[379.24,267.191] [380.423,238.553] [379.676,211.573] [379.676,211.641] 
[375.634,188.649] [375.652,188.722] [368.642,171.28] [368.605,171.35] 
[358.531,160.436] [358.522,160.413] [345.745,155.829] [345.79,155.811] 
[345.781,155.84] [332.196,156.768] [332.259,156.69] [319.492,159.842] 
[319.575,159.751] [308.262,163.458] [308.264,163.384] [299.271,166.924] 
[299.187,166.869] [292.531,168.689] [292.633,168.664] [293.148,167.436] 

dataset[3]  =   [287.512,181.029] [287.455,181.062] [292.459,180.224] [292.551,180.294] 
[296.738,184.828] [296.781,184.822] [298.465,198.408] [298.465,198.37] 
[297.612,221.368] [297.619,253.458] [298.063,292.787] [298.037,292.724] 
[299.44,330.533] [299.419,330.524] [299.406,330.51] [300.558,363.556] 
[300.53,363.542] [299.95,385.379] [299.929,385.367] [295.985,394.882] 
[290.984,396.581] [291.01,396.542] [286.535,390.113] [286.511,390.121] 
[282.084,372.653] [277.909,348.289] [277.875,348.3] [274.07,319.374] 
[269.936,287.037] [269.957,287.095] [264.609,253.947] [257.746,224.132] 
[257.749,224.02] [248.94,198.748] [248.913,198.74] [238.057,181.081] 
[237.978,181.129] [224.987,173.01] [210.955,173.708] [210.992,173.761] 
[197.768,182.778] [197.927,182.688] [188.689,198.353] [188.711,198.385] 
[182.993,218.827] [183.042,218.769] [183.045,218.768] [180.552,239.905] 
[180.507,239.895] [180.535,239.912] [181.368,260.352] [181.27,260.436] 
[185.166,279.359] [185.184,279.331] [190.946,295.159] [191.013,295.222] 
[198.702,308.83] [198.718,308.871] [207.572,320.207] [207.597,320.095] 
[218.089,328.726] [218.107,328.632] [229.429,334.239] [229.409,334.167] 
[241.745,336.038] [253.88,333.891] [264.687,327.812] [264.712,327.87] 
[273.705,318.727] [273.838,318.622] [281.98,305.387] [281.908,305.403] 
[289.459,289.378] [289.458,289.359] [295.911,270.425] [295.962,270.475] 
[303.122,251.569] [303.159,251.532] [311.301,234.056] [311.364,234.001] 
[322.487,219.391] [322.631,219.504] [322.662,219.488] [338.85,210.224] 
[338.811,210.211] [356.813,206.742] [375.107,212.378] [375.092,212.418] 
[375.066,212.321] [375.119,212.271] [389.071,227.733] [389.066,227.716] 
[393.151,247.942] [393.179,247.896] [388.259,268.799] [380.126,284.882] 
[380.094,284.956] [369.607,291.065] [369.564,291.046] [359.915,286.798] 
[359.919,286.828] [352.126,275.809] [352.211,275.79] [343.791,261.752] 
[343.815,261.652] [333.285,248.231] [333.314,248.189] [320.387,239.17] 
[320.404,239.149] [306.526,236.988] [306.587,237.026] [293.806,242.031] 
[293.827,242.037] [284.387,255.515] [284.373,255.537] [279.565,275.348] 
[279.589,275.296] [279.147,300.257] [279.141,300.348] [283.788,327.06] 
[283.848,327.061] [291.999,352.985] [292.018,353.031] [303.834,375.094] 
[319.198,391.749] [319.094,391.781] [336.58,402.246] [336.646,402.163] 
[336.645,402.164] [355.405,404.811] [355.37,404.884] [374.204,398.611] 
[390.745,387.052] [405.592,372.546] [405.536,372.646] [416.987,354.28] 
[422.134,332.727] [422.231,309.396] [422.303,309.348] [417.856,285.562] 
[417.882,285.535] [408.596,264.346] [408.564,264.3] [408.618,264.307] 
[395.592,247.37] [395.502,247.403] [380.591,236.714] [380.561,236.64] 
[364.309,232.597] [348.898,234.973] [348.898,235.028] [336.17,243.251] 
[336.172,243.27] [329.23,253.193] [329.278,253.184] [321.446,263.982] 
[321.502,263.889] [323.592,270.428] [323.592,270.459] [323.594,270.421] 
