
dataset[0]  =   [247.874,319.176] [247.953,319.161] [247.969,319.213] [238.259,303.878] 
[238.084,303.922] [220.766,288.272] [220.783,288.245] [220.838,288.201] 
[196.693,274.007] [196.645,274.006] [165.754,265.326] [165.7,265.366] 
[136.593,265.107] [114.134,275.495] [114.137,275.541] [98.9518,295.255] 
[98.946,295.259] [96.8926,316.803] [107.139,338.752] [107.125,338.736] 
[107.062,338.852] [125.675,353.702] [146.588,356.252] [146.617,356.151] 
[168.479,346.981] [188.578,327.691] [188.694,327.624] [201.656,303.561] 
[206.971,281.886] [206.904,281.86] [207.197,267.069] [207.104,267.055] 
[204.76,261.846] [202.622,268.282] [202.556,268.255] [200.588,288.381] 
[200.487,288.4] [200.457,288.355] [201.517,317.202] [201.497,317.188] 
[207.46,340.498] [207.505,340.386] [214.729,380.221] [220.889,397.951] 
[221.485,437.37] [221.452,437.364] [211.632,435.996] [211.584,435.984] 
[198.34,429.009] [183.886,418.963] [169.552,405.799] [169.568,405.807] 
[169.574,405.75] [158.41,391.026] [155.41,379.396] [155.484,379.331] 
[161.919,368.783] [174.498,359.03] [193.039,351.976] [193.024,351.945] 
[217.18,346.622] [217.163,346.654] [243.773,346.653] [269.569,351.556] 
[269.534,351.578] [294.724,360.769] [294.723,360.814] [321.54,372.065] 
[321.447,372.01] [321.505,372.054] [349.105,380.765] [349.103,380.797] 
[375.818,384.565] [400.841,382.588] [400.829,382.554] [418.771,373.588] 
[427.407,358.418] [427.48,358.396] [424.848,337.345] [424.924,337.397] 
[409.137,315.96] [383.588,297.511] [383.632,297.514] [353.027,284.956] 
[352.979,284.997] [320.331,281.732] [287.507,289.245] [287.524,289.251] 
[261.995,305.417] [245.501,326.039] [245.467,326.046] [237.84,350.701] 
[241.204,374.055] [255.736,394.336] [277.978,406.898] [277.93,406.858] 
[302.739,410.529] [302.741,410.487] [326.499,403.321] [326.482,403.289] 
[326.447,403.3] [343.486,387.51] [343.34,387.455] [352.371,368.082] 
[357.045,347.787] [357.083,347.717] [357.152,347.642] [355.206,327.454] 
[345.025,310.847] [345.051,310.799] [328.673,300.75] [328.737,300.766] 

dataset[1]  =   [114.669,166.155] [114.65,166.118] [109.718,163.8] [105.071,160.881] 
[104.978,160.814] [98.5042,158.907] [98.5234,158.849] [92.2185,161.318] 
[87.3963,168.689] [87.4458,168.706] [87.4186,168.77] [83.9302,184.207] 
[83.9416,184.215] [84.9088,205.545] [91.1373,228.474] [91.1486,228.576] 
[102.45,246.02] [102.389,249.953] [118.771,267.343] [118.779,267.48] 
[137.64,277.909] [137.615,277.859] [156.176,279.339] [156.08,279.378] 
[172.854,271.465] [172.818,271.482] [184.416,255.156] [184.44,255.24] 
[188.793,236.551] [188.753,236.562] [188.272,219.82] [185.372,208.302] 
[180.682,205.7] [176.759,213.294] [176.731,213.333] [174.167,232.245] 
[174.277,260.028] [177.438,292.858] [177.453,292.899] [184.41,327.878] 
[184.382,328.003] [193.618,362.654] [200.365,388.604] [200.4,388.557] 
[201.515,402.425] [195.869,406.558] [195.876,406.556] [184.218,402.905] 
[184.201,402.92] [169.158,393.59] [169.184,393.553] [169.228,393.5] 
[153.395,379.876] [153.472,379.872] [138.992,363.605] [127.562,347.421] 
[127.539,347.43] [121.909,335.096] [121.932,335.088] [122.655,324.029] 
[122.631,324.048] [122.587,324.028] [129.769,315.187] [129.688,315.061] 
[141.964,310.474] [159.267,308.958] [180.916,311.442] [180.873,311.54] 
[203.686,317.127] [227.968,322.264] [252.605,323.311] [252.672,323.41] 
[270.943,317.181] [270.935,317.164] [281.885,303.622] [281.879,303.59] 
[284.827,287.063] [284.826,287.09] [284.822,287.066] [278.269,270.853] 
[278.251,270.945] [266.624,260.685] [256.05,262.539] [256.129,262.426] 
[249.88,278.708] [249.989,278.653] [255.817,303.757] [255.803,303.699] 
[273.621,333.23] [323.335,380.963] [323.295,380.907] [349.808,392.949] 
[349.751,392.983] [376.154,395.499] [376.206,395.542] [402.545,388.778] 
[402.632,388.747] [419.641,368.966] [419.624,368.977] [424.048,340.315] 
[423.97,340.275] [416.855,306.746] [397.918,270.775] [368.693,238.35] 
[368.692,238.394] [336.311,213.388] [336.245,213.427] [303.986,198.549] 
[275.459,199.626] [275.435,199.613] [254.481,215.512] [254.489,215.522] 
[254.492,215.443] [247.535,235.697] [247.55,235.664] [253.068,255.436] 
[253.011,255.373] [261.018,270.881] 
dataset[2]  =   [264.697,200.827] [264.689,200.888] [255.031,189.79] [243.513,181.079] 
[231.103,175.776] [213.294,174.998] [194.661,180.567] [194.641,180.633] 
[182.735,192.166] [182.641,192.271] [175.793,208.554] [173.541,227.485] 
[173.552,227.379] [176.438,247.359] [185.564,264.625] [185.466,264.661] 
[199.228,277.378] [199.381,277.428] [211.955,281.738] [211.949,281.803] 
[222.095,277.978] [222.15,277.982] [230.6,265.698] [235.15,245.236] 
[238.527,223.714] [238.429,223.753] [243.159,205.228] [246.649,193.144] 
[246.646,193.192] [246.656,193.269] [247.458,190.257] [246.776,196.784] 
[246.706,196.762] [244.465,213.048] [239.467,239.202] [239.526,239.174] 
[235.904,271.163] [235.919,271.185] [234.965,303.483] [235.513,334.735] 
[235.534,334.685] [234.425,359.734] [234.423,359.712] [229.89,376.835] 
[229.838,376.851] [221.669,386.383] [221.64,386.366] [209.743,388.467] 
[209.888,388.452] [205.26,385.599] [195.957,382.541] [195.978,382.511] 
[182.788,369.296] [172.766,351.904] [167.885,336.228] [168.36,322.447] 
[168.393,322.494] [175.978,311.13] [190.014,304.681] [208.481,302.407] 
[208.352,302.386] [229.038,303.438] [228.972,303.433] [250.861,309.824] 
[250.836,309.893] [272.943,322.171] [272.86,322.127] [296.582,336.394] 
[296.563,336.379] [321.387,348.355] [344.887,353.252] [344.912,353.367] 
[364.089,349.202] [364.103,349.25] [374.847,336.55] [374.849,336.582] 
[387.34,316.43] [387.335,316.395] [392.485,289.876] [392.473,289.882] 
[392.459,289.884] [391.274,261.051] [391.318,261.036] [384.513,234.477] 
[384.606,234.367] [373.091,213.071] [373.254,213.049] [355.934,200.006] 
[355.848,200.011] [355.875,199.967] [334.754,198.38] [334.724,198.321] 
[314.187,209.396] [314.198,209.28] [299.483,230.939] [299.531,230.949] 
[293.278,259.446] [293.268,259.407] [296.404,292.194] [308.904,323.051] 
[308.888,323.103] [308.872,323.13] [327.646,348.695] [327.613,348.633] 
[351.437,365.959] [378.568,373.605] [378.547,373.61] [402.721,370.362] 
[402.689,370.419] [422.416,355.332] [436.462,331.708] [444.829,302.303] 
[444.768,302.305] [446.236,270.106] [446.282,270.209] [440.207,239.86] 
[440.192,239.82] [425.787,214.799] [425.736,214.795] [425.807,214.724] 
[405.482,194.715] [405.483,194.747] [380.351,183.648] [380.387,183.702] 
[353.384,183.549] [353.419,183.553] [326.339,192.37] [326.289,192.351] 
[305.458,207.47] [305.498,207.434] [293.494,224.383] [293.506,224.284] 
[286.349,240.055] [283.529,249.793] [283.541,249.832] 
dataset[3]  =   [198.751,192.85] [198.746,192.953] [196.257,190.63] [196.169,190.578] 
[196.183,190.646] [188.303,189.126] [177.342,186.989] [177.227,186.99] 
[140.097,196.93] [140.114,196.854] [121.526,211.543] [121.53,211.525] 
[110.303,233.203] [110.202,233.144] [107.116,257.109] [107.091,257.234] 
[113.127,282.142] [113.093,282.158] [125.054,304.603] [142.931,320.477] 
[142.903,320.439] [162.639,326.176] [182.368,321.092] [182.367,321.07] 
[200.547,306.179] [214.179,283.753] [223.026,259.26] [223.016,259.317] 
[226.968,237.883] [227.003,237.952] [227.232,224.808] [227.137,224.721] 
[227.076,224.769] [224.861,221.738] [224.787,221.789] [222.395,231.623] 
[222.305,231.567] [220.797,252.445] [220.718,252.497] [220.848,281.645] 
[220.846,281.512] [220.84,281.49] [224.066,314.584] [223.995,314.531] 
[228.981,346.573] [228.914,346.696] [232.214,372.475] [232.261,372.408] 
[231.984,388.73] [225.226,395.999] [212.573,393.98] [212.6,394.057] 
[212.559,394.064] [197.609,384.914] [197.618,385.016] [182.336,370.164] 
[167.855,352.784] [167.816,352.746] [157.639,338.119] [157.691,338.092] 
[155.184,327.227] [161.91,323.824] [176.872,328.04] [176.797,328.028] 
[197.355,333.686] [197.272,333.745] [220.614,340.968] [244.733,348.588] 
[244.83,348.565] [244.83,348.566] [266.135,349.699] [266.136,349.587] 
[284.645,340.651] [284.67,340.734] [299.69,326.235] [299.759,326.217] 
[307.817,309.239] [307.791,309.309] [307.704,295.967] [307.751,296.051] 
[307.754,295.969] [303.499,292.021] [303.54,292.155] [299.489,299.896] 
[299.437,299.919] [301.076,318.331] [301.048,318.389] [313.948,344.81] 
[314.003,344.727] [314.023,344.713] [337.057,371.164] [364.513,389.797] 
[364.489,389.824] [392.129,398.312] [415.362,391.671] [430.517,369.358] 
[430.442,369.297] [436.434,336.294] [436.453,336.275] [433.866,296.533] 
[433.896,296.539] [421.409,255.955] [400.212,221.89] [400.179,221.89] 
[372.683,198.561] [372.698,198.595] [372.689,198.675] [341.007,187.251] 
[340.947,187.247] [309.899,190.327] [309.888,190.343] [283.412,206.538] 
[283.425,206.379] [269.186,229.672] [262.652,254.862] [262.588,254.809] 
[262.551,254.735] [270.563,301.552] [278.89,320.672] [278.899,320.779] 
[288.78,336.138] [288.708,336.15] [300.662,344.664] [300.678,344.678] 
