
dataset[0]  =   [191.783,246.564] [191.834,246.59] [191.824,246.609] [189.844,248.823] 
[189.741,248.811] [188.682,252.115] [188.604,252.041] [186.35,256.468] 
[184.349,260.866] [185.127,264.176] [185.106,264.177] [189.04,267.194] 
[195.541,269.857] [203.645,270.658] [203.692,270.722] [211.654,269.54] 
[211.649,269.569] [218.527,264.986] [218.54,265.087] [218.57,265.111] 
[224.779,257.542] [224.741,257.503] [230.599,248.14] [235.886,237.027] 
[241.128,224.338] [243.334,209.775] [243.373,209.735] [241.633,194.34] 
[241.673,194.325] [235.71,180.256] [226.413,169.73] [226.47,169.797] 
[213.727,162.402] [213.766,162.441] [200.206,158.895] [200.17,158.892] 
[187.162,160.531] [187.194,160.633] [187.198,160.57] [175.065,166.237] 
[165.55,176.051] [165.542,175.794] [165.597,175.708] [160.585,188.605] 
[160.578,188.558] [160.187,203.476] [160.201,203.485] [163.921,220.076] 
[163.938,220.1] [171.808,236.208] [171.751,236.263] [182.764,250.872] 
[196.183,264.313] [196.174,264.373] [196.188,264.364] [210.722,275.156] 
[210.706,275.137] [225.298,282.278] [240.061,284.531] [240.143,284.495] 
[253.6,281.132] [253.551,281.181] [264.934,270.961] [274.014,254.339] 
[280.303,233.522] [284.621,211.532] [284.65,211.546] [287.617,191.406] 
[287.701,191.381] [290.513,175.258] [290.523,175.37] [290.498,175.306] 
[293.466,165.294] [293.274,165.321] [295.91,162.884] [295.879,162.92] 
[296.892,170.291] [296.862,170.246] [296.144,184.958] [295.24,205.442] 
[295.228,205.43] [293.818,228.542] [293.846,228.532] [293.145,252.029] 
[293.136,251.977] [293.741,272.754] [293.719,272.766] [294.091,289.185] 
[294.715,300.2] [294.733,300.162] [294.803,300.139] [296.353,306.381] 
[298.618,306.009] [302.806,299.355] [302.784,299.38] [308.477,287.78] 
[308.44,287.736] [313.966,271.922] [313.961,271.971] [320.496,255.125] 
[326.709,239.752] [326.723,239.757] [331.713,226.631] [336.674,217.326] 
[336.699,217.306] [342.105,212.92] [342.073,212.939] [342.099,212.917] 
[346.481,213.884] [346.557,214.01] [349.941,219.489] [352.682,229.797] 
[352.578,229.835] [354.893,243.734] [354.876,243.692] [357.657,259.892] 
[360.378,276.827] [363.776,292.704] [368.743,307.799] [368.706,307.809] 
[377.328,318.837] [377.369,318.787] [377.313,318.795] [389.402,326.081] 
[389.337,326.132] [403.786,329.066] [419.544,327.56] [419.54,327.575] 
[436.073,321.545] [452.204,311.47] [452.247,311.419] [465.093,298.5] 
[465.051,298.475] [474.865,283.356] [479.854,265.73] [479.87,265.726] 
[479.696,247.294] [474.936,229.625] [474.929,229.602] [465.748,214.595] 
[465.765,214.581] [452.367,203.431] [452.286,203.436] [452.315,203.449] 
[436.202,197.645] [419.008,197.981] [419.051,197.995] [401.526,203.947] 
[401.534,203.955] [386.08,214.672] [386.068,214.752] [373.666,230.037] 
[373.773,230.103] [365.251,247.758] [365.314,247.777] [362.653,265.835] 
[365.771,283.082] [365.734,283.042] [365.692,283.082] [373.297,297.859] 
[373.345,297.796] [385.454,308.609] [401.834,314.15] [401.858,314.157] 
[419.437,314.532] [419.439,314.496] [435.339,307.543] [447.527,292.518] 
[455.04,269.831] [458.387,242.379] [458.409,242.354] [459.846,212.578] 
[459.878,212.526] [460.549,182.195] [460.537,182.217] [459.832,152.21] 
[459.803,152.233] [458.217,124.251] [458.294,124.309] [458.34,124.321] 
[456.635,98.9855] [454.137,79.187] [454.108,79.217] [449.269,66.6743] 
[449.321,66.7523] [449.287,66.6968] [444.081,62.997] [444.027,62.9955] 
[439.189,69.1648] [439.225,69.2175] [435.659,84.856] [435.903,107.349] 
[435.895,107.307] [435.915,107.404] [440.585,135.16] [444.696,165.714] 
[444.727,165.637] [448.7,195.786] [448.725,195.804] [452.503,223.477] 
[452.483,223.43] [457.755,246.428] [457.811,246.503] [466.409,265.479] 
[478.4,277.354] [478.392,277.328] [493.005,282.495] [493.013,282.47] 
[509.284,281.436] [509.307,281.436] [526.294,275.354] [526.305,275.311] 
[526.303,275.335] [537.813,264.503] [538.106,264.384] [551.691,249.307] 
[551.688,249.223] [558.72,231.473] [558.755,231.507] [558.785,231.411] 
[562.703,212.48] [562.71,212.498] [564.804,194.734] [564.283,179.632] 
[564.301,179.777] [556.038,152.942] [556.096,152.922] 
dataset[1]  =   [116.08,213.273] [116.06,213.294] [117.762,214.773] [119.414,216.378] 
[119.403,216.351] [121.577,218.135] [121.529,218.197] [125.165,220.165] 
[125.208,220.174] [129.811,222.791] [129.837,222.767] [129.811,222.768] 
[136.548,225.211] [136.563,225.112] [145.105,226.516] [145.087,226.469] 
[155.465,226.598] [155.503,226.562] [167.321,224.181] [167.344,224.142] 
[179.855,219.621] [179.801,219.627] [192.395,212.807] [192.399,212.788] 
[203.681,204.175] [219.862,183.638] [219.848,183.684] [224.039,171.598] 
[224.102,171.63] [224.637,160.233] [224.646,160.196] [221.989,149.671] 
[215.996,141.854] [216.029,141.826] [207.042,137.136] [206.97,137.128] 
[195.682,135.398] [183.318,137.223] [183.379,137.226] [172.425,141.758] 
[162.984,149.034] [163.008,149.064] [155.13,157.872] [155.071,157.913] 
[155.091,157.95] [149.896,167.811] [149.91,167.851] [148.13,178.919] 
[148.21,190.509] [148.155,190.459] [150.304,201.316] [150.368,201.414] 
[152.396,212.963] [152.352,212.983] [158.216,225.238] [158.205,225.246] 
[162.553,236.674] [162.559,236.802] [167.64,247.208] [167.672,247.2] 
[173.771,255.566] [173.777,255.608] [181.785,261.596] [181.754,261.632] 
[181.805,261.593] [191.573,265.486] [201.34,266.197] [201.293,266.18] 
[210.941,263.949] [220.18,258.481] [220.276,258.402] [228.699,249.604] 
[235.838,237.158] [235.859,237.2] [241.79,222.027] [241.793,222.013] 
[246.023,205.513] [249.221,188.632] [252.047,172.48] [252.034,172.542] 
[252.08,172.521] [255.217,158.928] [255.206,158.988] [258.19,149.337] 
[258.136,149.259] [260.377,143.998] [260.41,144.167] [261.89,145.09] 
[261.868,145.024] [262.542,152.378] [262.568,152.335] [261.915,166.105] 
[261.977,166.106] [261.515,183.357] [261.508,183.329] [260.969,202.18] 
[261.458,221.127] [261.489,221.04] [262.984,240] [262.961,240.011] 
[264.431,259.378] [264.442,259.351] [265.338,276.591] [266.296,287.285] 
[266.384,287.284] [269.153,289.443] [271.921,283.39] [274.028,270.335] 
[274.043,270.326] [276.179,252.077] [276.19,252.17] [279.132,230.75] 
[279.223,230.82] [284.406,209.081] [284.405,209.09] [291.384,187.527] 
[291.346,187.539] [299.583,167.513] [299.626,167.499] [308.696,149.394] 
[308.699,149.39] [317.156,135.119] [325.261,126.178] [325.282,126.136] 
[331.483,123.969] [335.92,128.785] [335.894,128.887] [339.952,139.79] 
[339.847,139.706] [343.524,174.363] [343.466,174.372] [343.508,174.339] 
[343.912,193.32] [343.894,193.31] [343.72,211.927] [343.688,211.877] 
[344.332,229.425] [344.278,229.403] [346.123,244.351] [346.205,244.365] 
[348.889,255.321] [348.969,255.303] [352.251,262.904] [356.663,267.809] 
[356.589,267.855] [362.836,270.637] [362.802,270.608] [369.055,270.499] 
[369.07,270.54] [374.363,267.461] [374.323,267.458] [378.479,261.274] 
[378.548,261.263] [381.554,252.278] [381.633,252.311] [383.976,242.627] 
[383.989,242.588] [385.504,233.087] [385.466,233.035] [386.461,224.222] 
[386.534,224.163] [387.379,216.589] [387.303,216.718] [387.293,216.71] 
[387.674,210.049] [387.714,209.952] [387.844,203.045] [387.86,203.104] 
[387.79,195.869] [387.847,195.926] [387.976,189.023] [388.021,188.95] 
[388.024,182.843] [388.089,182.745] [389.868,177.529] [389.893,177.541] 
[393.943,173.654] [393.998,173.693] [400.785,171.34] [400.848,171.273] 
[409.152,171.77] [409.244,171.691] [418,174.833] [425.822,180.412] 
[425.838,180.365] [432.467,187.053] [436.385,192.907] [436.389,192.91] 
[437.339,196.634] [437.369,196.543] [435.871,197.12] [435.837,197.178] 
[432.088,193.894] [432.079,193.888] [426.308,188.346] [426.137,188.384] 
[418.759,181.804] [418.811,181.814] [410.172,175.539] [410.181,175.453] 
[401.41,170.473] [401.345,170.444] [392.63,168.61] [392.687,168.615] 
[384.519,170.383] [384.702,170.406] [377.508,176.363] [377.579,176.386] 
[377.62,176.395] [371.899,187.043] [371.917,187.075] [367.337,202.512] 
[364.028,218.793] [362.904,233.505] [362.894,233.522] [364.516,245.699] 
[364.485,245.663] [369.493,254.955] [369.542,254.878] [377.081,260.098] 
[386.64,261.033] [386.628,261.052] [396.942,257.797] [396.967,257.79] 
[406.085,250.603] [406.154,250.633] [414.002,239.283] [413.987,239.305] 
[420.041,223.871] [420.038,223.823] [424.884,205.58] [424.89,205.676] 
[428.559,185.054] [428.579,185.091] [431.401,163.253] [431.38,163.226] 
[432.902,140.15] [432.872,140.188] [433.461,117.519] [433.655,97.8219] 
[432.683,82.3017] [430.771,73.4422] [430.804,73.4241] [427.862,71.4863] 
[423.47,77.9378] [423.497,77.9003] [418.723,92.4352] [418.71,92.3698] 
[415.164,113.205] [412.619,137.699] [410.429,164.156] [410.417,164.154] 
[408.826,192.226] [409.906,221.313] [409.96,221.337] [415.61,250.086] 
[415.602,250.067] [424.277,272.34] [424.258,272.322] [434.66,284.075] 
[434.67,284.023] [447.539,286.213] [447.563,286.274] [461.257,282.134] 
[461.295,282.099] [475.095,273.117] [475.096,273.124] [488.105,261.454] 
[488.198,261.25] [499.885,248.749] [499.853,248.793] [499.833,248.768] 
[510.132,235.701] [510.18,235.703] [517.306,226.453] [517.278,226.434] 
[519.96,219.474] [520.018,219.484] [520.117,219.4] [517.559,214.083] 
[517.611,214.154] [510.578,210.127] [501.559,207.338] [501.642,207.308] 
[491.081,205.131] [491.14,205.091] [479.575,201.843] [479.706,201.845] 

dataset[2]  =   [145.297,209.356] [145.241,209.405] [146.926,212.102] [146.94,212.116] 
[148.688,214.629] [148.691,214.622] [150.875,216.564] [150.934,216.599] 
[153.633,218.444] [153.69,218.48] [158.354,220.421] [158.324,220.46] 
[164.236,222.388] [164.224,222.4] [172.236,222.927] [172.147,222.958] 
[172.16,222.937] [181.924,222.044] [181.882,221.991] [201.508,213.516] 
[201.601,213.511] [209.538,205.982] [209.599,206.031] [215.642,197.711] 
[220.281,188.179] [220.336,188.16] [222.991,177.655] [222.975,167.128] 
[223.009,167.136] [220.163,157.985] [215.356,150.678] [215.274,150.675] 
[209.519,146.162] [209.449,146.11] [209.442,146.143] [202.091,144.557] 
[202.017,144.545] [193.821,145.823] [193.773,145.867] [185.968,149.803] 
[178.577,156.047] [178.632,156.013] [172.291,163.628] [166.245,172.412] 
[166.203,172.478] [160.225,182.708] [160.218,182.728] [154.786,193.624] 
[154.969,193.58] [151.437,205.004] [151.531,204.935] [149.832,216.397] 
[149.816,216.44] [150.547,226.684] [150.505,226.703] [152.789,235.895] 
[152.746,235.942] [156.05,242.767] [156.004,242.768] [159.61,247.492] 
[159.646,247.495] [162.755,251.291] [162.81,251.315] [166.746,253.676] 
[172.284,255.232] [172.309,255.202] [179.208,255.979] [179.178,256.052] 
[187.505,256.31] [187.514,256.355] [196.942,256.305] [206.923,254.564] 
[217.068,250.629] [217.095,250.611] [227.471,245.073] [227.466,245.123] 
[237.117,237.917] [246.269,228.862] [246.292,228.998] [254.987,218.398] 
[254.914,218.337] [261.912,205.775] [261.908,205.846] [267.19,192.731] 
[267.294,192.74] [267.329,192.732] [271.006,179.822] [270.998,179.8] 
[271.119,179.756] [273.408,168.185] [273.463,168.152] [274.335,158.647] 
[274.393,158.66] [275.002,153.037] [275.049,153.112] [275.327,152.917] 
[275.275,158.876] [275.326,158.803] [275.191,169.69] [275.247,169.695] 
[275.223,183.775] [275.205,183.793] [274.944,199.047] [274.901,214.595] 
[274.91,214.683] [274.496,230.505] [274.503,230.545] [274.538,230.515] 
[271.577,245.718] [271.584,245.746] [266.982,259.157] [267.064,259.14] 
[264.769,267.705] [264.836,267.607] [264.986,269.411] [264.95,269.336] 
[266.829,264.513] [266.889,264.454] [270.112,253.636] [269.907,253.719] 
[273.082,239.626] [273.153,239.744] [275.996,224.067] [276.028,224.089] 
[276.091,224.163] [278.334,207.259] [278.325,207.196] [281.251,191.03] 
[281.285,190.965] [291.539,162.583] [291.542,162.588] [298.819,152.909] 
[298.852,152.862] [307.353,147.004] [317.122,146.073] [317.105,146.133] 
[327.651,150.743] [327.58,150.767] [336.812,161] [336.82,160.988] 
[343.719,175.636] [343.647,175.647] [349.069,193.965] [349.031,194.003] 
[353.845,213.884] [353.935,213.831] [357.867,234.066] [357.89,234.094] 
[360.539,253.232] [362.271,268.651] [362.212,268.694] [363.365,281.176] 
[366.405,290.142] [366.344,290.25] [372.025,295.161] [371.98,295.169] 
[379.891,296.645] [379.858,296.518] [389.541,294.018] [389.544,293.989] 
[400.568,288.475] [400.538,288.499] [400.52,288.502] [411.762,281.795] 
[411.742,281.753] [422.533,274.195] [422.557,274.157] [432.228,265.44] 
[440.211,254.923] [440.206,254.959] [445.56,242.756] [445.487,242.781] 
[447.715,229.468] [447.742,229.455] [447.352,215.858] [444.209,203.424] 
[444.311,203.363] [439.333,192.406] [431.35,183.687] [431.414,183.632] 
[421.962,177.995] [411.129,177.051] [399.406,179.701] [399.498,179.737] 
[387.949,186.289] [377.395,195.522] [377.356,195.492] [366.882,207.961] 
[366.93,207.922] [357.593,222.269] [357.635,222.27] [351.376,237.962] 
[351.371,237.998] [348.957,253.139] [348.941,253.131] [351.878,265.651] 
[351.898,265.64] [351.913,265.657] [359.391,275.52] [359.368,275.532] 
[368.856,281.36] [368.861,281.375] [379.26,282.589] [379.234,282.568] 
[389.749,278.897] [389.748,278.883] [400.04,271.163] [408.98,259.615] 
[408.974,259.593] [415.68,244.574] [415.682,244.553] [419.901,227.314] 
[422.513,207.619] [424.087,186.652] [424.09,186.66] [424.103,186.704] 
[424.516,165.615] [424.517,165.609] [424.548,145.225] [424.535,145.273] 
[424.301,127.318] [424.293,127.291] [423.571,112.091] [422.042,100.88] 
[422.094,100.893] [420.835,94.2013] [420.924,94.2118] [419.153,92.4829] 
[419.233,92.6362] [417.177,96.3715] [417.351,96.3302] [415.545,105.84] 
[415.513,105.801] [415.489,105.766] [415.506,105.809] [413.362,120.258] 
[413.392,120.271] [410.311,158.167] [411.353,179.17] [412.992,199.801] 
[412.995,199.807] [415.818,218.872] [415.832,218.853] [419.214,234.966] 
[419.214,235.015] [423.23,247.962] [423.198,247.924] [428.286,258.749] 
[434.337,267.204] [434.333,267.22] [434.374,267.202] [441.638,273.524] 
[441.647,273.485] [458.27,277.659] [467.046,274.784] [467.063,274.767] 
[475.398,269.832] [475.348,269.783] [482.898,263.938] [482.777,263.975] 
[489.064,257.236] [489.107,257.185] [494.25,250.092] [494.212,250.137] 
[498.61,241.401] [501.607,233.487] [501.629,233.575] [501.584,233.608] 
[504.681,225.518] [504.688,225.526] [508.023,217.076] [507.871,217.083] 
[509.805,208.606] [509.83,208.588] [509.282,201.079] [506.625,195.772] 
[506.641,195.798] [503.125,192.446] [503.141,192.46] 
dataset[3]  =   [271.818,266.622] [271.873,266.637] [273.98,272.777] [273.895,272.728] 
[278.463,280.453] [278.465,280.438] [285.428,286.272] [285.447,286.255] 
[295.622,290.823] [308.237,293.724] [319.617,293.36] [329.18,288.616] 
[329.204,288.641] [336.568,280.898] [336.57,280.864] [341.265,269.784] 
[341.347,269.742] [343.436,256.505] [342.614,242.012] [342.715,241.993] 
[342.703,242.013] [338.587,226.881] [338.548,226.861] [331.155,213.497] 
[331.188,213.567] [320.363,202.345] [320.403,202.366] [320.356,202.368] 
[307.539,194.461] [307.635,194.381] [294.447,190.776] [282.825,191.753] 
[282.837,191.826] [272.634,197.159] [272.738,197.172] [264.387,205.57] 
[264.414,205.541] [258.808,216.609] [258.811,216.519] [256.382,228.94] 
[256.376,228.933] [257.279,242.821] [257.3,242.908] [257.279,242.925] 
[261.749,257.671] [270.637,271.5] [270.583,271.499] [283.538,283.54] 
[283.514,283.489] [298.726,290.924] [314.317,293.059] [314.306,293.042] 
[329.78,291.233] [329.78,291.208] [343.592,284.788] [343.607,284.785] 
[356.039,275.206] [356.011,275.242] [367.094,262.728] [367.083,262.737] 
[367.09,262.687] [376.426,248.426] [376.529,248.356] [376.524,248.378] 
[384.264,232.781] [390.302,216.774] [390.286,216.779] [396.494,172.961] 
[396.481,172.992] [395.837,165.826] [394.084,166.318] [394.139,166.233] 
[390.952,173.963] [391.115,173.971] [387.658,188.199] [387.646,188.176] 
[387.641,188.177] [384.2,207.784] [384.212,207.761] [381.352,228.458] 
[380.42,247.495] [380.413,247.423] [380.94,262.727] [380.884,262.781] 
[382.072,272.682] [382.024,272.71] [383.183,277.779] [383.196,277.78] 
[383.931,278.285] [383.854,278.346] [385.147,272.93] [387.086,262.261] 
[387.182,262.283] [389.241,247.416] [389.302,247.348] [389.219,247.418] 
[391.908,229.718] [391.824,229.731] [395.054,211.874] [395.1,211.839] 
[395.068,211.798] [399.783,195.949] [405.408,182.801] [405.438,182.86] 
[411.703,173.782] [411.801,173.832] [418.675,169.425] [418.616,169.379] 
[425.645,170.932] [425.658,170.961] [432.239,177.906] [436.745,189.255] 
[436.795,189.227] [438.209,203.096] [438.231,203.057] [437.569,217.707] 
[437.557,217.694] [436.797,232.536] [436.778,232.551] [437.941,246.714] 
[437.917,246.695] [440.844,259.696] [445.425,269.799] [451.529,277.213] 
[451.551,277.198] [459.864,281.942] [459.866,281.949] [470.142,283.933] 
[470.174,283.921] [481.041,282.959] [481.121,282.991] [481.17,282.998] 
[491.133,279.232] [491.087,279.303] [499.758,272.893] [499.798,272.828] 
[506.93,263.998] [506.988,263.963] [507.049,263.994] [512.957,252.915] 
[512.938,252.909] [517.77,238.923] [517.763,238.968] [520.832,225.647] 
[520.841,225.633] [521.948,213.013] [522.019,213.043] [520.073,201.168] 
[520.112,201.212] [515.034,191.342] [507.632,184.181] [507.671,184.174] 
[507.729,184.146] [498.667,179.716] [498.724,179.699] [487.338,178.147] 
[475.943,181.541] [476.004,181.54] [466.112,188.844] [466.118,188.852] 
[458.108,199.834] [458.126,199.783] [452.995,212.78] [453.007,212.741] 
[451.234,226.479] [451.212,226.471] [452.56,239.469] [452.616,239.463] 
[456.971,251.962] [457.004,251.921] [464.357,264.022] [464.28,263.985] 
[464.341,263.896] [474.357,275.979] [474.379,275.875] [485.813,286.235] 
[485.866,286.25] [485.846,286.26] [495.043,293.573] [494.994,293.599] 
[501.357,295.645] [509.35,282.773] [509.36,282.751] [511.581,268.312] 
[511.602,268.302] [513.027,250.901] [513.033,250.905] [514.495,231.106] 
[514.545,231.048] [516.368,212.353] [516.401,212.331] [516.448,212.314] 
[518.587,192.794] [518.63,192.767] [519.955,172.298] [519.978,172.289] 
[521.581,151.717] [523.039,133.275] [523.007,133.268] [523.28,117.198] 
[522.232,105.259] [522.242,105.257] [520.3,99.2898] [520.336,99.346] 
[516.566,99.3775] [510.832,105.892] [505.486,119.115] [505.412,119.118] 
[505.455,119.077] [501.432,136.785] [501.506,136.887] [497.248,156.84] 
[497.193,156.83] [493.787,177.868] [493.863,177.926] [492.662,198.71] 
[492.747,198.698] [492.655,218.449] [492.661,218.434] [494.191,236.665] 
[497.424,253.554] [497.451,253.531] [502.643,265.535] [502.638,265.512] 
[509.781,274.461] [509.816,274.47] [518.994,279.579] [519.025,279.618] 
[529.311,280.382] [529.37,280.417] [540.256,277.787] [550.545,271.575] 
[559.032,263.668] [564.311,253.635] [566.309,241.497] [566.348,241.429] 
