
dataset[0]  =   [93.071,248.918] [95.765,249.459] [95.7627,249.413] [101.54,248.277] 
[109.648,245.505] [109.669,245.429] [134.278,230.844] [150.463,215.944] 
[150.479,215.904] [150.479,215.906] [166.364,200.701] [166.355,200.716] 
[181.423,189.429] [181.376,189.524] [193.915,187.169] [201.173,197.37] 
[201.036,197.325] [200.202,219.195] [200.258,219.137] [190.407,248.268] 
[190.464,248.248] [190.431,248.2] [179.039,279.457] [179.04,279.516] 
[168.373,305.732] [168.414,305.698] [159.664,322.898] [155.554,331.912] 
[155.52,331.933] [155.503,331.967] [155.614,333.333] [158.224,327.432] 
[158.207,327.45] [163.268,315.073] [169.457,297.59] [169.536,297.589] 
[176.472,274.672] [176.56,274.684] [183.018,247.833] [188.978,221.11] 
[189.009,221.135] [196.234,196.561] [203.853,178.374] [203.852,178.35] 
[212.119,168.618] [212.252,168.621] [221.468,168.116] [221.454,168.14] 
[229.797,178.182] [236.664,197.757] [242.08,222.633] [242.114,222.638] 
[244.447,247.906] [244.419,247.862] [246.096,268.592] [246.037,268.625] 
[246.068,268.667] [248.374,282.438] [250.454,286.437] [252.953,282.748] 
[252.911,282.759] [255.95,271.911] [255.998,271.884] [258.857,255.511] 
[262.525,235.632] [262.49,235.659] [266.927,214.453] [272.962,193.98] 
[273.002,194.023] [281.546,178.313] [281.491,178.302] [292.358,168.66] 
[304.727,164.883] [304.7,164.866] [316.715,167.82] [316.747,167.807] 
[325.215,178.693] [325.261,178.663] [331.056,196.332] [331.068,196.317] 
[333.215,219.301] [331.723,244.509] [331.706,244.562] [329.929,268.709] 
[329.91,268.711] [329.758,290.016] [329.742,290.034] [333.647,307.469] 
[333.687,307.478] [342.944,319.856] [356.415,326.354] [356.664,326.376] 
[356.652,326.379] [373.498,325.022] [392.644,316.732] [392.631,316.739] 
[411.392,300.407] [411.368,300.41] [425.132,278.484] [425.125,278.507] 
[430.758,254.723] [427.762,230.371] [427.806,230.349] [416.8,209.23] 
[398.706,195.563] [375.605,189.928] [375.723,190.029] [352.474,194.627] 
[322.119,224.585] [322.078,224.59] [322.098,224.575] [318.178,244.928] 
[318.109,244.965] [320.179,264.672] [327.314,280.366] [327.105,280.469] 
[337.894,290.971] [337.911,290.983] [337.933,290.923] [351.012,294.225] 
[364.179,290.128] [364.174,290.162] [364.152,290.171] [375.965,277.607] 
[384.11,258.804] [384.092,258.826] [387.956,236.86] [388.087,215.651] 
[388.107,215.614] [385.809,199.074] [385.862,199.121] [382.044,189.791] 
[382.045,189.851] [377.984,188.917] [378.045,188.88] [374.808,196.658] 
[372.356,212.568] [372.413,212.539] [372.015,233.002] [374.292,254.6] 
[374.282,254.58] [378.931,273.764] [386.775,286.819] [386.762,286.912] 
[386.745,286.891] [397.432,292.112] [397.429,292.24] [408.823,289.25] 
[408.788,289.26] [419.581,278.602] [419.542,278.625] [428.484,261.609] 
[428.439,261.593] [435.141,239.904] [438.689,216.715] [438.727,216.685] 
[440.855,194.197] [440.786,194.196] [442.867,175.412] [442.981,175.448] 
[445.529,163.473] [445.461,163.459] [447.118,160.008] [447.143,160.027] 
[446.603,166.375] [444.425,182.282] [440.716,206.172] [436.719,233.894] 
[436.734,233.876] [434.319,260.127] [434.324,260.128] [433.239,280.674] 
[433.228,280.715] [432.342,294.381] [431.238,299.298] [431.167,299.297] 
[430.109,295.244] [430.146,295.21] [429.564,283.237] [429.553,283.2] 
[429.828,265.449] [429.807,265.445] [431.218,244.004] [433.976,221.322] 
[433.994,221.293] [438.692,199.551] [438.712,199.569] [445.032,179.468] 
[452.878,162.726] [452.808,162.912] [461.29,151.708] [461.384,151.756] 
[471.266,147.847] [471.155,147.904] [482.179,152.243] [482.182,151.971] 
[492.268,163.939] [492.152,163.976] [492.164,163.941] [492.153,163.95] 
[499.772,183.019] [499.743,182.995] [503.174,204.337] [505.469,228.031] 
[505.476,228.061] [506.683,253.266] [510.344,274.721] [510.346,274.664] 
[514.416,291.748] [517.495,303.489] [520.13,308.783] [520.128,308.813] 
[525.869,296.799] [525.85,296.807] [527.52,281.297] [527.553,281.318] 

dataset[1]  =   [205.829,215.567] [200.219,220.017] [194.891,223.558] [194.912,223.665] 
[190.583,226.756] [187.57,228.267] [187.509,228.343] [186.46,227.573] 
[187.772,223.917] [187.761,223.946] [191.819,218.378] [197.856,212.111] 
[197.842,212.12] [197.844,212.154] [204.271,207.556] [210.334,206.086] 
[215.034,210.107] [215.043,210.121] [218.189,220.055] [219.437,235.271] 
[219.476,235.206] [220.529,252.09] [222.503,265.542] [222.513,265.577] 
[225.559,273.834] [225.593,273.876] [229.872,278.911] [229.793,278.863] 
[232.793,279.418] [232.833,279.508] [232.805,279.493] [234.849,275.641] 
[234.838,275.656] [236.011,268.226] [236.035,268.155] [235.518,257.313] 
[235.468,257.273] [232.759,244.527] [232.788,244.533] [231.241,231.202] 
[233.691,216.75] [238.498,202.284] [244.864,189.926] [251.668,180.991] 
[257.572,177.983] [265.301,190.192] [267.548,203.324] [267.548,203.307] 
[270.057,218.215] [270.081,218.288] [272.983,232.127] [272.983,232.104] 
[275.938,244.285] [278.382,252.564] [278.327,252.496] [279.674,257.034] 
[279.643,256.9] [279.376,257.542] [279.2,257.618] [279.297,257.607] 
[279.278,257.555] [278.36,254.077] [278.382,254.079] [277.356,246.229] 
[277.648,233.937] [277.611,233.986] [279.391,218.95] [281.764,202.433] 
[281.821,202.427] [284.935,186.976] [285.041,186.975] [289.234,175.552] 
[294.937,167.657] [294.942,167.607] [301.469,164.913] [307.485,167.045] 
[307.535,167.034] [307.536,167.065] [312.583,174.035] [312.577,174.037] 
[315.813,185.245] [316.824,199.797] [316.842,199.798] [317.279,215.403] 
[317.302,215.382] [319.064,231.659] [318.945,231.764] [321.216,246.356] 
[321.191,246.403] [323.601,258.622] [327.484,268.192] [327.583,268.143] 
[335.121,274.477] [335.148,274.488] [346.286,277.312] [346.271,277.372] 
[346.276,277.367] [346.312,277.336] [360.072,276.763] [375.759,272.267] 
[390.813,264.083] [390.811,264.115] [404.239,251.407] [415.418,236.207] 
[415.398,236.192] [422.594,219.586] [422.639,219.629] [426.137,203.785] 
[426.083,203.788] [424.824,189.032] [424.852,189.025] [419.15,176.471] 
[408.968,167.946] [409.007,167.952] [409.061,168.063] [394.657,165.686] 
[394.641,165.633] [377.557,169.22] [377.566,169.277] [361.994,178.447] 
[362.003,178.348] [349,191.205] [339.2,206.743] [339.186,206.653] 
[333.125,224.045] [333.197,224.038] [331.848,240.814] [331.968,240.874] 
[336.123,255.505] [336.11,255.516] [341.745,267.299] [341.76,267.24] 
[341.756,267.17] [341.732,267.171] [348.085,273.834] [348.073,273.762] 
[355.838,273.885] [355.819,273.882] [364.574,267.335] [364.548,267.374] 
[372.425,256.181] [372.344,256.198] [378.503,241.483] [378.492,241.474] 
[384.261,225.074] [388.153,209.815] [389.904,197.976] [389.92,197.979] 
[390.23,192.939] [390.007,194.83] [390.054,194.826] [390.106,194.872] 
[388.072,202.802] [388.115,202.883] [386.122,233.702] [389.372,253.927] 
[389.366,253.91] [394.492,273.907] [394.497,273.93] [401.382,288.562] 
[401.4,288.514] [409.138,295.564] [409.104,295.599] [413.291,293.767] 
[413.267,293.934] [420.49,282.892] [423.974,264.63] [423.866,264.593] 
[423.863,264.623] [423.886,264.614] [428.412,241.473] [428.426,241.487] 
[433.042,217.995] [433.044,217.953] [437.935,197.991] [437.917,197.955] 
[442.811,183.879] [442.901,183.851] [445.993,178.453] [446.011,178.469] 
[445.938,184.058] [445.937,184.051] [442.741,199.443] [442.737,199.498] 
[437.614,222.409] [433.052,249.587] [433.098,249.574] [430.063,277.008] 
[430.081,277.071] [427.965,299.962] [427.924,299.913] [425.612,313.595] 
[425.584,313.615] [424.58,317.092] [424.649,317.072] [425.833,311.312] 
[425.862,311.335] [429.022,298.696] [428.98,298.637] [433.1,281.067] 
[433.074,281.074] [438.146,262.261] [438.122,262.262] [445.075,243.246] 
[445.122,243.264] [454.085,225.806] [454.046,225.839] [454.016,225.804] 
[464.454,211.37] [464.482,211.344] [464.494,211.321] [477.516,202.645] 
[492.522,200.765] [508.371,207.064] [508.441,207.138] [522.734,219.482] 
[522.759,219.505] [531.693,237.539] [531.788,237.524] [536.036,261.17] 
[536.061,261.158] [535.603,283.975] [535.649,283.949] [532.933,303.279] 
[533.012,303.195] [531.581,317.126] [531.664,317.123] [531.653,317.062] 
[532.471,324.25] [533.042,326.157] [532.992,326.143] 
dataset[2]  =   [133.919,234.737] [133.563,239.463] [132.871,243.444] [132.886,243.443] 
[131.307,245.472] [131.313,245.468] [129.209,245.699] [129.226,245.66] 
[128.127,243.841] [128.125,243.892] [129.434,239.604] [129.473,239.5] 
[129.39,239.504] [133.731,233.534] [133.864,233.595] [141.549,227.874] 
[141.61,227.837] [151.885,224.754] [151.797,224.737] [162.678,224.906] 
[162.696,224.924] [171.794,231.28] [178.46,243.599] [182.119,260.597] 
[182.167,260.644] [183.767,280.755] [183.722,280.745] [184.205,299.2] 
[184.426,314.069] [184.396,313.98] [185.561,322.808] [185.58,322.863] 
[187.49,325.268] [187.521,325.312] [189.82,321.371] [189.8,321.352] 
[192.319,312.384] [195.43,298.391] [195.446,298.454] [198.245,280.99] 
[201.742,261.74] [201.737,261.717] [206.121,242.902] [206.09,242.942] 
[211.253,226.053] [211.291,226.093] [216.513,213.885] [216.496,213.853] 
[221.685,207.631] [221.651,207.703] [226.917,209.009] [226.84,209.047] 
[226.862,209.034] [231.263,218.34] [234.455,234.658] [235.365,255.662] 
[235.396,255.725] [235.341,276.913] [235.304,276.856] [236.169,296.396] 
[236.167,296.427] [238.176,311.611] [238.195,311.597] [240.114,319.599] 
[241.574,319.218] [241.731,319.204] [241.817,319.222] [244.292,309.587] 
[247.385,292.861] [247.365,292.916] [249.71,271.691] [249.692,271.765] 
[251.951,248.319] [251.988,248.308] [255.342,225.719] [255.347,225.659] 
[261.069,206.758] [268.281,193.935] [268.318,193.993] [275.724,189.91] 
[275.796,189.829] [283.732,195.466] [283.669,195.621] [283.684,195.609] 
[289.82,210.839] [289.714,210.839] [292.836,232.517] [292.847,232.537] 
[292.257,258.009] [292.266,258.079] [291.112,283.168] [291.317,306.238] 
[291.315,306.153] [294.554,325.389] [294.513,325.392] [300.504,339.822] 
[300.557,339.668] [310.858,349.005] [310.854,349.046] [325.653,353.03] 
[325.671,353.017] [342.508,352.446] [342.53,352.471] [342.566,352.496] 
[360.317,346.227] [360.3,346.167] [377.561,335.13] [392.758,319.145] 
[392.754,319.104] [404.472,299.292] [410.307,277.951] [410.811,257.142] 
[405.49,239.654] [405.429,239.674] [394.613,227.58] [394.573,227.597] 
[378.555,222.979] [378.545,222.998] [360.528,225.88] [360.553,225.85] 
[360.524,225.778] [343.425,235.559] [343.569,235.573] [332.055,251.132] 
[332.019,251.34] [332.018,251.29] [325.97,270.611] [325.995,270.567] 
[325.171,291.63] [325.154,291.649] [330.183,311.489] [330.187,311.52] 
[340.987,326.974] [354.522,334.949] [354.474,334.966] [367.212,334.188] 
[367.174,334.129] [377.202,324.487] [377.168,324.508] [384.075,306.65] 
[384.065,306.684] [384.039,306.629] [388.962,283.993] [388.934,284.037] 
[391.967,260.924] [391.928,260.943] [394.036,241.048] [395.49,226.51] 
[395.48,226.542] [395.535,219.618] [395.455,219.656] [394.623,221.358] 
[393.323,232.118] [393.35,232.056] [392.155,250.366] [392.212,250.414] 
[392.889,273.37] [392.846,273.384] [396.34,297.546] [402.969,319.412] 
[402.992,319.428] [411.094,336.7] [411.07,336.875] [411.097,336.914] 
[418.816,348.104] [418.828,348.078] [426.918,350.065] [433.511,341.385] 
[438.261,323.596] [441.14,299.494] [441.128,299.411] [442.958,273.745] 
[444.252,250.315] [444.249,250.337] [444.232,250.404] [444.853,233.054] 
[444.873,233.106] [444.564,223.12] [444.617,223.092] [443.358,221.352] 
[443.374,221.381] [440.41,227.715] [440.398,227.781] [436.63,241.28] 
[436.649,241.299] [433.16,260.29] [430.635,281.648] [430.596,281.667] 
[430.221,303.289] [430.218,303.279] [430.927,323.042] [431.908,337.383] 
[431.889,337.368] [431.92,337.412] [432.625,345.115] [432.394,345.067] 
[433.625,343.886] [435.42,334.273] [435.437,334.189] [435.43,334.167] 
[437.967,317.094] [437.964,317.07] [441.07,294.944] [441.13,294.915] 
[444.963,270.713] [444.964,270.686] [450.436,246.675] [450.399,246.688] 
[457.117,225.413] [457.167,225.338] [464.943,208.881] [464.924,208.954] 
[473.489,199.063] [473.448,199.043] [483.827,196.364] [483.826,196.387] 
[494.234,200.139] [504.989,211.138] [515.534,227.495] [524.546,248.194] 
[524.611,248.191] [530.334,270.122] [533.35,292.172] [535.16,312.46] 
[535.191,312.392] [538.608,329.591] [538.611,329.628] [538.626,329.598] 
[543.248,343.104] [543.244,343.016] [547.504,350.639] [547.585,350.458] 
[549.965,351.382] [550.016,351.259] [550.689,344.097] [550.682,344.128] 
[548.838,330.754] [548.784,330.615] 
dataset[3]  =   [172.584,303.779] [172.633,303.766] [172.608,303.773] [168.939,302.746] 
[169.007,302.733] [165.566,300.848] [165.621,300.921] [163.342,298.186] 
[163.311,298.175] [161.664,293.935] [161.654,293.998] [161.527,288.257] 
[163.222,282.04] [166.597,277.104] [166.63,277.112] [171.671,274.51] 
[177.303,275.951] [182.249,281.856] [182.296,281.858] [186.643,292.195] 
[186.684,292.162] [190.881,305.503] [190.859,305.498] [194.528,319.895] 
[194.58,319.821] [197.944,333.589] [201.286,345.79] [204.682,354.171] 
[204.706,354.24] [204.796,354.255] [207.951,359.073] [210.533,358.75] 
[211.817,353.006] [211.85,353.054] [212.891,341.666] [212.897,341.705] 
[213.126,326.173] [213.391,307.167] [213.391,307.154] [214.163,286.956] 
[214.133,286.952] [216.812,268.409] [220.838,252.948] [220.903,252.984] 
[225.949,242.313] [231.465,237.435] [236.695,239.685] [236.734,239.676] 
[241.709,248.735] [245.41,264.346] [245.503,264.341] [245.432,264.372] 
[249.304,284.174] [249.25,284.238] [253.633,304.156] [257.43,314.388] 
[257.364,329.614] [259.534,335.69] [259.514,335.836] [260.936,343.692] 
[260.981,343.691] [261.406,344.084] [261.526,344.094] [261.499,344.099] 
[261.75,337.421] [262.561,324.407] [263.121,307.214] [263.082,307.195] 
[263.092,307.167] [263.92,287.853] [263.896,287.764] [266.054,268.683] 
[269.744,252.59] [269.769,252.616] [274.945,240.231] [274.902,240.271] 
[280.472,232.456] [280.483,232.577] [286.618,231.101] [286.601,231.109] 
[292.262,236.444] [292.31,236.404] [296.598,248.802] [296.608,248.805] 
[298.679,265.926] [298.704,265.876] [298.376,285.484] [298.401,285.527] 
[297.743,305.793] [297.712,305.829] [299.007,325.05] [299.018,325.113] 
[303.318,341.836] [303.337,341.799] [310.599,355.247] [310.531,355.309] 
[320.786,365.448] [320.888,365.345] [334.473,370.534] [334.522,370.556] 
[349.995,369.894] [349.946,369.977] [364.675,364.267] [364.667,364.265] 
[378.584,353.148] [378.59,353.176] [390.425,337.187] [390.441,337.143] 
[390.446,337.106] [399.267,317.021] [399.246,316.973] [404.662,293.867] 
[404.642,293.819] [405.462,270.553] [402.14,249.231] [394.493,232.279] 
[382.94,221.475] [382.914,221.528] [367.546,216.919] [351.81,219.168] 
[326.772,243.843] [326.804,243.86] [318.269,265.032] [318.279,264.999] 
[312.749,288.395] [312.771,288.355] [314.394,308.579] [314.461,308.64] 
[321.309,324.412] [321.316,324.446] [330.672,335.039] [330.809,335.043] 
[341.458,340.512] [341.433,340.445] [349.783,341.506] [356.871,337.492] 
[356.7,337.5] [363.108,328.614] [363.078,328.75] [363.077,328.719] 
[369.379,315.556] [369.371,315.621] [374.746,299.511] [374.677,299.549] 
[379.11,283.118] [379.037,283.175] [383.31,267.826] [383.308,267.872] 
[387.673,254.813] [387.564,254.879] [389.971,243.941] [389.272,236.514] 
[389.262,236.505] [387.738,234.391] [386.513,237.809] [386.431,237.801] 
[384.867,248.046] [384.854,248.055] [384.803,248.102] [383.966,263.729] 
[383.985,263.672] [385.296,281.591] [385.353,281.574] [388.389,299.357] 
[393.188,315.389] [398.91,327.916] [405.131,336.575] [412.591,340.901] 
[412.551,340.855] [420.509,339.33] [420.465,339.274] [427.601,331.439] 
[433.097,318.012] [433.109,317.962] [436.517,299.964] [436.494,299.88] 
[438.591,280.341] [439.595,262.144] [439.572,262.084] [440.45,247.145] 
[440.422,247.208] [440.395,237.753] [438.566,233.587] [438.56,233.621] 
[436.029,236.928] [433.203,248.117] [433.189,248.129] [430.7,265.326] 
[429.323,286.961] [429.338,287.03] [429.336,287.034] [428.629,308.768] 
[428.591,308.793] [428.769,327.289] [428.756,327.264] [429.694,340.008] 
[429.729,340.025] [431.05,347.214] [430.982,347.309] [432.857,347.739] 
[434.664,341.791] [434.602,341.857] [436.069,329.984] [435.992,330.058] 
[435.897,330.025] [437.511,313.503] [437.505,313.512] [438.79,294.357] 
[438.722,294.332] [440.328,274.398] [440.345,274.414] [440.372,274.382] 
[443.088,255.885] [443.071,255.885] [448.148,240.038] [455.266,227.527] 
[455.247,227.556] [464.009,218.821] [463.988,218.908] [473.942,214.407] 
[473.681,214.431] [485.173,214.656] [495.752,220.241] [495.687,220.26] 
[504.438,231.101] [504.483,231.134] [513.246,261.705] [513.172,261.707] 
[514.452,278.094] [514.465,278.058] [514.6,293.313] [514.596,293.266] 
[515.987,307.848] [515.965,307.835] [519.451,320.593] [519.46,320.595] 
[524.036,330.177] [524.019,330.222] [527.634,334.788] [527.726,334.725] 
