
dataset[0]  =   [195.899,164.048] [195.973,163.997] [193.767,170.813] [193.799,170.884] 
[191.865,180.983] [191.938,180.946] [189.309,194.406] [189.373,194.37] 
[185.727,211.317] [185.795,211.224] [183.335,226.108] [183.253,226.268] 
[179.575,253.003] [177.509,277.179] [177.49,277.282] [176.362,300.505] 
[176.399,300.527] [176.238,319.256] [176.316,319.254] [177.829,333.085] 
[177.843,333.088] [180.003,343.577] [180.024,343.417] [182.392,347.759] 
[184.708,344.804] [184.72,344.769] [188.254,335.795] [191.998,321.166] 
[191.991,321.077] [192.014,321.069] [194.874,302.955] [197.441,282.504] 
[200.663,261.322] [200.676,261.376] [204.485,241.268] [204.517,241.254] 
[209.913,223.964] [217.152,210.034] [217.165,210.121] [226.031,201.345] 
[225.969,201.345] [234.181,198.429] [243.043,202.022] [243.006,202.015] 
[249.975,212.671] [250.031,212.766] [250.065,212.745] [250.116,212.815] 
[255.955,230.3] [255.936,230.265] [260.105,251.544] [260.09,251.535] 
[264.29,273.7] [264.301,273.604] [269.605,294.691] [269.645,294.67] 
[276.547,313.074] [276.543,312.996] [284.456,327.758] [284.443,327.719] 
[292.695,337.748] [292.771,337.81] [301.402,342.181] [308.759,340.636] 
[308.75,340.577] [314.628,332.069] [319.914,317.364] [319.964,317.332] 
[324.941,296.494] [329.194,274.241] [329.226,274.259] [332.045,251.981] 
[332.069,251.977] [334.452,232.837] [336.22,220.358] [336.184,220.458] 
[336.611,215.983] [336.657,216.034] [335.382,221.001] [335.337,220.982] 
[333.665,234.77] [333.671,234.78] [333.805,255.126] [333.868,255.112] 
[333.852,255.098] [337.718,278.128] [337.661,278.22] [337.757,278.136] 
[344.438,300.468] [344.483,300.448] [352.261,318.403] [352.273,318.348] 
[360.834,328.955] [369.89,331.162] [369.878,331.226] [378.414,324.367] 
[378.435,324.361] [385.765,309.855] [385.768,309.828] [392.08,289.892] 
[396.775,267.15] [396.774,267.17] [396.78,267.144] [399.828,244.421] 
[399.817,244.408] [401.522,224.636] [401.527,210.107] [401.561,210.17] 
[400.616,204.094] [398.684,207.499] [398.604,207.504] [396.294,219.706] 
[395.467,239.295] [395.501,239.335] [395.496,262.731] [395.477,262.682] 
[397.467,286.854] [397.458,286.822] [401.477,308.717] [401.435,308.628] 
[407.869,324.3] [416.143,331.594] [425.25,328.961] [434.645,314.926] 
[434.773,314.926] [441.88,291.269] [441.954,291.256] [445.965,261.979] 
[445.959,261.983] [448.02,228.983] [448.049,229.008] [448.49,195.204] 
[447.201,161.773] [447.187,161.768] [445.988,132.41] [445.905,132.343] 
[445.92,132.292] [443.821,110.287] [443.906,110.35] [441.394,96.9379] 
[438.347,94.4374] [438.307,94.4092] [435.758,104.052] [433.786,123.855] 
[431.56,152.826] [429.173,186.09] [429.235,186.093] [427.332,220.606] 
[427.116,254.691] [427.091,254.663] [427.654,285.016] [427.638,285.006] 
[427.638,285.003] [429.003,307.749] [428.937,307.833] [434.47,322.673] 
[434.396,322.664] [434.404,322.871] [438.028,328.628] [438.113,328.636] 
[439.93,327.485] [440.065,327.435] [441.156,321.445] [441.18,321.323] 
[443.511,309.513] [443.497,309.547] [446.689,293.215] [450.427,272.861] 
[454.943,250.84] [455.014,250.788] [454.975,250.777] [461.303,229.278] 
[481.346,197.49] [481.388,197.412] [494.444,190.699] [494.453,190.702] 
[508.382,190.734] [521.256,199.4] [521.293,199.392] [530.715,213.435] 
[533.296,232.141] [531.14,252.478] [531.218,252.483] [525.32,271.092] 
[525.374,271.079] [525.369,271.063] [515.43,288.441] [515.382,288.363] 
[500.511,303.824] [500.577,303.791] [482.002,316.34] [482.021,316.381] 
[463.673,325.034] [463.832,325.041] [463.822,325.074] [448.531,330.05] 
[448.504,330.055] [437.44,331.067] [437.449,331.034] [430.513,328.244] 
[430.509,328.308] [428.101,322.285] [428.137,322.232] [428.632,313.024] 
[428.63,312.967] [431.391,301.17] [431.401,301.101] 
dataset[1]  =   [208.664,102.905] [208.641,102.916] [206.656,118.493] [204.815,138.185] 
[204.718,138.177] [202.898,163.053] [200.831,191.536] [200.836,191.482] 
[200.093,220.829] [200.095,220.854] [199.618,248.951] [199.6,248.964] 
[198.618,272.876] [198.634,272.815] [198.604,272.784] [196.519,290.879] 
[195.277,302.67] [195.293,302.653] [194.786,307.4] [194.767,307.393] 
[194.8,307.332] [195.298,304.298] [195.316,304.32] [198.36,295.365] 
[198.4,295.348] [202.978,280.823] [203.054,280.788] [209.243,262.961] 
[209.277,262.882] [217.532,244.254] [227.143,226.862] [227.18,226.837] 
[238.205,212.738] [238.21,212.698] [248.811,205.379] [258.48,205.261] 
[265.015,212.765] [268.924,227.34] [268.893,227.356] [270.107,247.116] 
[270.069,247.206] [270.224,267.703] [272,285.933] [272.07,285.887] 
[275.569,300.215] [275.539,300.207] [280.73,308.205] [280.787,308.22] 
[289.043,309.004] [289.086,309.013] [289.097,309.036] [299.039,301.85] 
[298.991,301.87] [307.55,288.09] [307.49,288.105] [313.905,268.826] 
[313.857,268.9] [313.841,268.857] [321.96,224.802] [322.062,224.983] 
[323.643,206.456] [323.654,206.656] [324.505,195.292] [324.602,195.264] 
[324.246,191.032] [324.26,190.994] [322.199,195.391] [319.988,208.641] 
[320.026,208.653] [320.005,208.693] [318.087,228.874] [317.899,252.485] 
[317.846,252.505] [320.573,276.422] [320.614,276.335] [325.401,295.951] 
[332.303,309.042] [332.265,309.04] [340.976,315.157] [349.809,314.164] 
[358.142,305.416] [358.19,305.493] [367.444,291.794] [367.363,291.835] 
[367.307,291.812] [375.05,274.269] [374.948,274.27] [379.487,255.739] 
[379.507,255.787] [382.606,237.626] [385.338,221.816] [385.728,209.342] 
[385.732,209.392] [384.818,202.579] [384.775,202.625] [382.496,202.816] 
[382.535,202.907] [379.75,210.145] [379.847,210.243] [376.331,224.501] 
[376.329,224.447] [373.671,242.464] [373.71,242.487] [373.725,242.513] 
[373.299,262.179] [373.3,262.218] [375.666,281.407] [375.64,281.399] 
[379.643,297.506] [384.393,308.402] [384.37,308.337] [390.414,313.66] 
[390.45,313.716] [397.523,313.193] [397.554,313.181] [404.991,306.303] 
[404.979,306.325] [412.303,293.432] [412.301,293.416] [419.268,275.298] 
[419.333,275.343] [424.805,253.205] [424.823,253.218] [424.834,253.21] 
[429.943,231.277] [429.898,231.652] [434.54,205.127] [434.537,205.082] 
[438.1,181.395] [438.14,181.176] [438.148,181.214] [439.829,160.955] 
[439.78,146.309] [439.814,146.156] [439.781,146.105] [438.386,137.961] 
[438.401,138.013] [435.894,139.331] [435.917,139.437] [432.967,150.439] 
[430.047,170.31] [430.044,170.365] [427.696,196.586] [427.69,196.678] 
[427.718,196.649] [425.702,226.832] [423.485,258.299] [421.151,289.049] 
[417.563,315.562] [417.568,315.546] [415.556,333.148] [415.58,333.196] 
[415.127,342.689] [415.161,342.607] [415.393,342.528] [415.399,342.534] 
[416.803,334.248] [419.469,320.399] [419.516,320.409] [419.497,320.42] 
[424.268,302.628] [424.264,302.58] [430.807,284.739] [430.847,284.699] 
[439.491,269.217] [439.545,269.229] [449.847,256.246] [449.76,256.164] 
[460.293,246.758] [460.339,246.768] [472.068,242.479] [472.077,242.43] 
[483.412,243.666] [483.353,243.751] [483.363,243.823] [494.101,249.778] 
[494.073,249.854] [501.728,259.242] [501.714,259.209] [504.119,271.394] 
[504.113,271.391] [504.103,271.412] [500.113,284.47] [500.093,284.501] 
[490.764,296.651] [490.784,296.652] [478.493,307.069] [478.53,307.036] 
[462.487,315.254] [462.497,315.209] [443.661,321.044] [443.681,321.045] 
[426.785,324.283] [416.103,325.368] [416.162,325.392] [411.88,322.842] 
[412.516,313.489] [412.489,313.446] [415.694,295.865] [415.625,295.881] 
[415.631,295.9] [416.114,276.031] 
dataset[2]  =   [250.786,136.099] [250.744,136.035] [251.032,142.064] [250.978,142.053] 
[250.948,154.089] [250.883,154.154] [250.124,169.38] [250.172,169.433] 
[247.622,186.657] [247.625,186.701] [244.907,207.562] [244.925,207.643] 
[243.633,231.642] [243.511,231.617] [242.724,259.028] [242.846,259.038] 
[242.879,259.029] [241.476,286.89] [241.48,286.946] [238.99,312.353] 
[238.987,312.309] [236.516,332.824] [236.553,332.832] [234.916,345.963] 
[234.928,345.958] [233.607,351.899] [233.612,351.89] [233.647,351.856] 
[233.771,350.586] [233.902,350.684] [235.387,342.628] [235.453,342.597] 
[238.002,328.677] [238.028,328.649] [241.565,310.88] [246.069,290.199] 
[251.575,268.972] [251.559,269.033] [258.454,250.251] [267.233,234.952] 
[267.261,235.027] [277.231,225.3] [277.253,225.308] [287.888,221.735] 
[287.915,221.733] [287.891,221.734] [299.066,224.965] [299.055,224.944] 
[308.219,235.038] [308.224,235.069] [314.071,250.273] [314.17,250.322] 
[316.118,267.745] [316.057,267.812] [315.56,285.815] [315.596,285.83] 
[314.875,302.909] [314.896,303.044] [316.605,318.094] [316.602,318.085] 
[320.458,329.56] [320.437,329.598] [325.668,337.577] [325.71,337.566] 
[332.095,339.786] [332.102,339.653] [332.186,339.653] [338.068,335.368] 
[338.093,335.449] [343.107,324.623] [343.053,324.562] [347.232,306.8] 
[347.229,306.8] [350.32,285.816] [352.64,264.253] [352.606,264.298] 
[353.923,244.437] [354.035,244.406] [354.921,228.234] [355.724,218.171] 
[355.699,218.227] [355.379,215.179] [355.228,215.197] [355.27,215.153] 
[353.932,219.512] [353.926,219.564] [351.834,231.184] [351.815,231.101] 
[349.893,247.093] [349.89,247.012] [348.596,265.928] [348.56,265.888] 
[349.788,285.24] [357.352,320.296] [357.502,320.136] [364.057,332.25] 
[364.073,332.245] [372.349,338.232] [372.449,338.174] [381.569,336.585] 
[381.581,336.586] [381.591,336.548] [390.699,327.484] [390.712,327.516] 
[399.031,312.362] [399.042,312.356] [406.37,292.755] [406.389,292.743] 
[413.295,272.026] [413.288,271.989] [419.294,251.274] [419.323,251.247] 
[424.454,231.198] [424.44,231.193] [427.911,213.645] [429.14,200.481] 
[429.158,200.469] [429.152,193.665] [429.157,193.578] [428.206,193.783] 
[428.215,193.694] [425.794,200.645] [425.876,200.635] [423.117,213.97] 
[423.159,213.925] [420.464,232.353] [420.428,232.327] [418.983,252.835] 
[418.939,252.84] [419.767,274.316] [419.788,274.38] [422.333,293.994] 
[422.394,294.003] [422.344,294] [427.069,310.581] [427.147,310.605] 
[434.249,321.814] [434.278,321.837] [441.833,326.364] [441.794,326.286] 
[449.319,324.413] [449.283,324.44] [449.224,324.434] [456.068,315.697] 
[456.04,315.71] [461.887,300.597] [461.935,300.563] [466.568,280.024] 
[466.578,279.953] [469.221,255.61] [469.211,255.583] [470.254,229.513] 
[469.939,204.119] [469.188,181.695] [469.199,181.736] [467.84,163.637] 
[465.843,151.869] [465.88,151.923] [465.868,151.963] [463.721,148.612] 
[463.728,148.511] [460.475,152.346] [460.524,152.283] [456.152,165.168] 
[456.135,165.234] [451.152,184.983] [451.094,184.982] [445.47,208.179] 
[445.47,208.109] [441.278,232.525] [441.272,232.574] [436.895,257.57] 
[436.873,257.598] [436.902,257.534] [431.958,280.577] [431.955,280.58] 
[426.463,299.576] [426.451,299.535] [421.118,312.657] [421.106,312.666] 
[421.106,312.74] [415.8,322.048] [415.849,322.026] [412.054,324.334] 
[412.122,324.363] [411,320.588] [411.036,320.56] [413.517,311.537] 
[413.516,311.54] [418.534,298.28] [424.576,282.364] [431.243,265.807] 
[431.266,265.794] [439.532,250.122] [439.455,250.186] [449.16,237.474] 
[449.189,237.51] [459.362,229.432] [459.344,229.431] [459.372,229.447] 
[470.047,226.454] [481.57,227.984] [481.593,228] [492.061,233.736] 
[492.077,233.683] [500.5,244.117] [500.549,244.111] [505.885,257.216] 
[505.958,257.227] [500.822,286.41] [500.853,286.422] [492.995,299.961] 
[492.924,300.023] [482.954,311.292] [482.992,311.309] [471.72,320.434] 
[471.732,320.355] [471.73,320.348] [458.183,326.278] [458.275,326.255] 
[443.482,328.436] [443.524,328.399] [429.194,326.973] [429.133,326.943] 
[417.377,323.113] [417.395,323.094] [409.333,317.7] [409.284,317.814] 
[403.679,311.414] [401.9,303.903] [401.929,303.886] [403.484,293.938] 
[403.444,293.949] 
dataset[3]  =   [238.599,135.251] [238.627,135.22] [238.601,135.264] [237.214,140.802] 
[237.175,140.826] [234.275,150.432] [234.291,150.491] [231.735,162.913] 
[231.813,162.905] [229.185,178.617] [229.176,178.666] [227.832,196.855] 
[227.846,196.838] [227.46,216.148] [227.524,216.156] [226.185,236.092] 
[226.184,236.09] [225.633,253.959] [225.598,254] [224.009,270.02] 
[224.017,270.069] [222.78,285.445] [222.821,285.45] [220.805,301.549] 
[220.781,301.546] [218.218,317.006] [218.217,316.941] [217.06,329.084] 
[217.034,329.125] [217.105,335.493] [217.236,335.546] [217.878,335.178] 
[217.821,335.231] [218.133,328.2] [218.09,315.192] [219.03,298.946] 
[219.07,298.92] [221.172,280.186] [221.236,280.166] [221.205,280.181] 
[225.347,260.365] [225.304,260.393] [231.571,241.945] [231.516,241.995] 
[239.847,226.88] [239.837,226.922] [248.883,215.305] [248.923,215.258] 
[259,207.731] [268.982,205.058] [268.93,205.119] [278.23,207.266] 
[285.096,214.502] [285.063,214.473] [289.61,226.569] [289.61,226.678] 
[291.509,241.764] [291.498,241.743] [291.492,241.817] [291.162,258.237] 
[291.195,276.096] [291.226,276.17] [293.617,293.548] [293.627,293.552] 
[297.657,308.842] [297.673,308.788] [304.65,321.908] [304.718,321.923] 
[314.097,331.346] [314.17,331.373] [323.728,335.438] [323.707,335.424] 
[332.263,332.522] [332.344,332.423] [332.31,332.445] [339.493,321.778] 
[339.506,321.777] [344.824,304.527] [344.884,304.501] [344.897,304.482] 
[349.232,284.236] [349.241,284.254] [352.987,263.249] [352.919,263.224] 
[355.32,243.449] [356.667,226.426] [356.715,226.454] [357.765,214.472] 
[357.722,214.517] [357.461,208.82] [356.383,210.924] [354.548,220.816] 
[352.241,236.822] [352.245,236.828] [350.068,256.361] [350.087,256.368] 
[350.063,256.37] [349.73,276.78] [349.737,276.754] [351.69,296.879] 
[351.72,296.889] [356.244,315.316] [356.288,315.339] [362.617,330.429] 
[362.626,330.406] [370.944,339.683] [370.917,339.724] [380.437,341.774] 
[380.4,341.808] [388.19,335.777] [388.311,335.798] [393.749,322.611] 
[393.771,322.735] [393.789,322.588] [397.711,304.441] [397.7,304.439] 
[400.096,283.32] [400.085,283.338] [401.111,262.403] [402.39,243.13] 
[402.368,243.141] [403.426,226.518] [403.399,226.583] [403.694,214.163] 
[403.684,214.087] [403.439,208.163] [403.418,208.234] [402.749,209.944] 
[402.782,209.992] [401.79,219.532] [401.794,219.505] [401.268,235.161] 
[401.309,255.377] [401.334,255.401] [401.308,255.354] [403.062,277.083] 
[403.048,277.183] [407.033,298.331] [407.06,298.353] [413.46,315.754] 
[413.469,315.772] [421.617,328.42] [421.65,328.359] [430.991,335.093] 
[430.998,335.041] [439.362,334.082] [439.39,334.016] [446.864,325.481] 
[446.833,325.4] [458.238,288.506] [458.24,288.527] [463.084,264.03] 
[463.076,263.99] [463.07,264.017] [467.115,237.545] [467.081,237.611] 
[470.242,210.526] [470.192,210.525] [472.35,184.681] [472.316,184.693] 
[473.62,161.236] [472.333,143.07] [472.354,143.122] [469.635,132.139] 
[469.619,132.168] [466.424,131.382] [466.41,131.447] [462.186,140.312] 
[462.181,140.396] [458.31,159.494] [458.334,159.502] [456.862,186.312] 
[456.86,186.319] [456.831,186.354] [456.627,218.552] [456.681,218.588] 
[456.565,254.191] [456.613,254.212] [457.64,290.272] [457.633,290.255] 
[458.217,324.895] [458.165,324.888] [458.08,351.403] [458.057,351.276] 
[458.172,364.135] [458.325,364.064] [459.138,362.58] [459.256,362.532] 
[461.004,349.124] [460.957,349.114] [460.944,349.137] [463.844,328.289] 
[463.865,328.319] [463.883,328.304] [466.3,303.452] [466.332,303.459] 
[470.17,276.127] [470.217,276.191] [475.932,248.884] [484.813,222.924] 
[484.829,222.903] [494.507,201.376] [494.524,201.401] [505.711,185.693] 
[518.214,176.089] [532,174.178] [532.063,174.086] [545.219,180.902] 
[555.27,193.661] [555.248,193.764] [560.544,211.291] [560.661,211.303] 
[560.382,231.101] [555.34,250.841] [555.354,250.805] [548.096,269.763] 
[548.126,269.776] [538.835,287.03] [538.909,287.055] [526.987,301.292] 
[526.906,301.529] [512.873,313.175] [512.908,313.117] [512.884,313.106] 
[495.997,321.034] [477.931,324.431] [477.946,324.465] [477.99,324.448] 
[461.222,323.295] [461.24,323.324] [456.516,320.922] [445.612,318.339] 
[445.602,318.459] [431.351,309.594] [431.331,309.608] [420.825,297.227] 
