
dataset[0]  =   [282.598,271.378] [282.637,271.503] [280.538,268.071] [280.531,268.044] 
[276.805,264.003] [276.824,264.008] [271.414,258.435] [271.476,258.421] 
[271.468,258.413] [265.217,252.412] [265.203,252.445] [258.303,247.218] 
[258.31,247.155] [250.128,243.911] [250.055,243.871] [240.684,242.035] 
[240.727,241.957] [229.952,240.674] [230.029,240.484] [230.015,240.611] 
[217.671,241.212] [205.653,243.362] [205.633,243.395] [194.781,247.187] 
[194.761,247.148] [184.99,251.936] [178.154,258.678] [178.184,258.648] 
[175.47,267.671] [176.988,278.553] [177.046,278.502] [182.52,289.768] 
[192.235,301.488] [192.221,301.421] [205.699,312.344] [221.499,322.286] 
[239.864,330.49] [239.828,330.464] [258.218,336.465] [275.751,338.611] 
[275.726,338.667] [290.796,334.992] [290.801,334.975] [290.785,335.013] 
[302.924,325.645] [302.93,325.789] [309.591,311.613] [309.452,311.635] 
[320.11,293.296] [329.579,252.412] [330.45,231.558] [330.404,231.498] 
[330.341,212.268] [328.891,198.693] [328.98,198.629] [327.727,192.103] 
[326.702,193.801] [326.727,193.741] [326.753,193.676] [325.675,203.95] 
[325.66,203.757] [325.136,220.586] [325.041,240.98] [325.04,240.975] 
[326.435,261.92] [330.051,282.434] [330.08,282.383] [335.458,302.577] 
[335.499,302.563] [343.181,321.157] [354.754,337.31] [354.728,337.277] 
[368.317,349.889] [368.397,349.975] [368.352,349.965] [384.715,357.037] 
[384.727,357.102] [401.942,358.162] [401.917,358.203] [419.157,351.327] 
[434.967,336.974] [434.966,336.972] [449.265,321.854] [449.178,321.88] 
[463.139,290.433] [463.101,290.393] [474.803,260.633] [474.702,260.514] 
[483.941,229.168] [483.839,229.302] [489.534,197.755] [489.465,197.778] 
[490.708,164.126] [490.698,164.1] [490.664,164.093] [489.175,131.665] 
[485.066,102.294] [478.856,78.1204] [478.816,78.1594] [465.434,55.5145] 
[458.9,61.2278] [452.176,77.9211] [452.208,77.9293] [446.454,103.515] 
[442.831,135.876] [442.886,135.961] [440.007,172.218] [440.018,172.308] 
[439.996,172.334] [436.212,209.764] [436.181,209.757] [432.894,246.785] 
[432.906,246.787] [432.991,281.529] [433.041,281.411] [437.896,311.162] 
[437.937,311.164] [446.817,334.183] [446.872,334.161] [461.336,348.781] 
[461.35,348.741] [481.182,354.28] [481.189,354.136] [503.867,350.295] 
[503.788,350.332] [527.612,340.204] [527.674,340.158] [552.036,324.039] 
[551.995,324.035] [552.063,323.985] [573.47,304.273] [587.664,283.483] 
[587.665,283.472] [593.59,266.497] [592.147,252.812] [583.96,243.067] 
 [297.323,188.8] [297.366,188.87] [307.755,187.481] [307.715,187.52] 
[327.512,188.128] [356.768,188.621] [391.223,188.814] [430.237,189.146] 
[430.168,189.037] [470.634,189.937] [470.686,189.833] [509.144,189.683] 
[509.162,189.651] [509.166,189.6] [540.804,186.519] [540.838,186.678] 
[565.921,183.348] [581.724,179.819] [581.7,179.725] [591.496,174.655] 
[591.397,174.696] [591.409,174.677] ,
dataset[1]  =   [245.42,320.042] [245.436,320.005] [245.428,318.411] [243.566,317.796] 
[243.471,317.887] [238.813,316.831] [238.864,316.833] [230.615,313.767] 
[230.603,313.85] [220.385,311.07] [220.452,311.005] [208.768,309.889] 
[208.761,309.793] [196.054,309.646] [185.006,311.253] [184.965,311.311] 
[176.493,314.386] [171.666,320.196] [169.466,326.356] [169.468,326.286] 
[171.834,333.4] [171.773,333.473] [178.153,341.207] [187.306,349.964] 
[187.297,349.943] [199.621,357.319] [199.598,357.384] [199.531,357.442] 
[212.965,364.034] [213.011,363.925] [226.179,367.908] [226.236,367.765] 
[226.328,367.84] [239.7,368.464] [239.692,368.473] [250.919,365.327] 
[250.964,365.389] [260.475,357.918] [268.107,346.446] [268.053,346.495] 
[272.755,331.986] [274.898,314.445] [274.972,296.478] [274.971,296.44] 
[272.799,279.426] [272.819,279.439] [270.075,266.199] [266.406,258.197] 
[266.469,258.294] [262.321,257.351] [258.715,263.807] [258.722,263.791] 
[257.129,277.638] [257.637,296.297] [257.648,296.239] [261.301,316.493] 
[261.279,316.53] [267.25,335.984] [267.272,336.036] [274.722,352.982] 
[274.692,353.018] [283.652,367.17] [287.948,373.087] [294.675,378.825] 
[294.707,378.81] [307.644,387.683] [307.645,387.752] [321.664,392.808] 
[321.61,392.821] [334.898,393.966] [348.985,388.634] [349.014,388.575] 
[362.354,376.859] [362.444,376.831] [373.87,359.323] [383.489,337.157] 
[383.51,337.219] [390.611,311.919] [390.643,311.908] [395.894,283.48] 
[399.079,254.106] [399.067,254.029] [400.822,225.103] [400.88,199.54] 
[400.851,199.497] [398.842,179.586] [395.039,166.526] [395.013,166.439] 
[388.836,162.501] [381.445,167.702] [381.531,167.694] [373.044,182.209] 
[373.01,182.195] [364.264,204.569] [364.359,204.54] [364.286,204.577] 
[351.477,261.608] [351.486,261.525] [349.639,290.689] [348.854,304.153] 
[356.953,340.898] [356.824,340.768] [364.22,358.253] [364.183,358.329] 
[372.914,369.156] [372.907,369.252] [381.448,374.46] [381.4,374.424] 
[390.053,373.354] [390.072,373.414] [400.148,367.896] [400.07,367.942] 
[410.877,358.119] [421.166,345.923] [431.52,332.391] [439.254,318.233] 
[439.218,318.236] [442.863,302.993] [442.887,302.944] [441.129,286.829] 
[433.312,271.167] [433.238,271.076]  [262.342,180.748] [262.284,180.785] [276.27,183.87] [276.219,183.851] 
[276.265,183.905] [298.424,184.651] [326.955,184.971] [361.07,186.613] 
[396.181,187.885] [429.402,188.924] [429.443,188.997] [455.197,188.327] 
[455.294,188.288] [473.596,185.494] [473.675,185.481] [487.155,182.656] 
[487.204,182.635] [491.477,180.058] [491.354,180.049] [488.643,177.423] 
[488.62,177.422] [488.671,177.426] ,
dataset[2]  =   [103.093,225.571] [103.074,225.537] [100.159,224.271] [95.6552,222.83] 
[95.6833,222.936] [89.4572,222.438] [89.475,222.5] [84.0604,224.602] 
[84.0859,224.677] [80.478,229.228] [80.5539,229.168] [79.8647,235.846] 
[79.8539,235.892] [79.8541,235.836] [81.9927,245.192] [81.8863,245.21] 
[86.5681,257.786] [94.1919,271.111] [104.604,284.64] [104.651,284.65] 
[116.894,296.722] [116.868,296.731] [132.015,306.326] [131.986,306.339] 
[148.114,313.372] [148.162,313.335] [163.433,316.453] [163.464,316.368] 
[171.958,315.519] [188.619,309.256] [188.573,309.264] [188.567,309.342] 
[197.442,297.912] [197.305,298.092] [197.23,298.082] [202.832,282.664] 
[204.909,264.676] [204.872,264.647] [205.382,245.554] [205.499,245.621] 
[204.076,226.394] [204.112,226.372] [204.103,226.344] [202.48,209.443] 
[202.499,209.516] [200.233,197.545] [200.328,197.526] [198.602,190.919] 
[198.694,190.934] [196.772,191.173] [196.825,191.065] [195.552,198.804] 
[195.593,198.778] [195.874,214.073] [195.928,214.053] [197.543,233.65] 
[197.536,233.553] [200.197,254.84] [204.937,275.404] [204.905,275.438] 
[211.606,294.465] [219.586,311.319] [229.826,324.292] [229.805,324.297] 
[241.427,333.174] [241.466,333.196] [254.735,337.243] [254.681,337.245] 
[254.644,337.306] [268.995,336.561] [268.968,336.766] [282.541,329.963] 
[282.578,330.06] [306.774,296.054] [306.892,296.053] [316.153,271.13] 
[316.176,271.064] [321.953,243.411] [322.024,243.369] [324.993,214.58] 
[324.968,214.524] [325.516,185.512] [325.493,185.434] [323.79,159.418] 
[323.75,159.382] [319.901,138.822] [319.997,138.791] [313.71,126.208] 
[313.819,126.224] [306.218,123.618] [306.286,123.602] [298.754,132.638] 
[298.787,132.598] [292.39,151.219] [292.351,151.219] [287.891,177.087] 
[286.451,207.355] [286.441,207.288] [284.888,237.511] [284.902,237.507] 
[282.759,265.012] [282.697,265.016] [283.451,289.357] [283.442,289.303] 
[287.231,312.669] [287.248,312.616] [287.285,312.683] [292.305,336.393] 
[292.269,336.42] [301.057,356.959] [300.991,357.127] [313.791,370.129] 
[328.6,372.591] [328.608,372.571] [344.443,364.766] [344.412,364.757] 
[360.039,350.595] [360.02,350.544] [375.388,333.425] [375.433,333.469] 
[388.496,316.038] [388.484,316.064] [398.691,298.195] [398.757,298.238] 
[398.689,298.296] [403.001,280.908] [402.927,280.821] [400.909,264.263] 
[197.743,173.237] [197.741,173.276] [201.879,175.567] [201.965,175.551] 
[201.951,175.583] [213.35,179.983] [213.329,180.061] [231.719,184.755] 
[257.573,188.521] [257.564,188.58] [289.787,192.226] [289.741,192.186] 
[323.569,194.854] [323.521,195.038] [323.524,195.077] [354.849,197.178] 
[354.905,197.189] [378.793,196.852] [378.749,196.887] [392.819,194.724] 
[400.089,191.631] [400.049,191.703] [399.825,188.64] [394.873,186.069] 
,
dataset[3]  =   [194.483,229.349] [194.503,229.444] [184.843,221.95] [185.007,222.038] 
[174.127,215.654] [174.249,215.698] [174.179,215.641] [161.294,212.88] 
[161.226,212.969] [145.846,212.865] [145.802,212.816] [136.109,217.308] 
[136.131,217.303] [131.784,225.341] [131.61,231.61] [131.597,231.561] 
[131.58,231.542] [136.515,238.024] [136.513,238.051] [143.167,244.292] 
[143.096,244.191] [151.261,250.296] [151.26,250.265] [161.154,259.19] 
[173.834,268.309] [188.625,276.193] [188.633,276.206] [205.182,282.722] 
[221.827,286.187] [221.883,286.208] [237.919,286.12] [252.437,280.844] 
[252.483,280.804] [266.083,268.659] [266.063,268.625] [276.038,252.416] 
[283.07,231.939] [282.997,231.866] [287.265,210.827] [287.191,210.724] 
[288.191,201.042] [289.39,191.269] [287.945,177.458] [287.917,177.248] 
[284.43,170.659] [284.714,170.676] [279.417,172.208] [279.377,172.192] 
[273.119,182.43] [273.135,182.502] [268.076,199.895] [268.09,199.876] 
[268.144,199.908] [264.777,221.727] [264.841,221.699] [263.38,244.184] 
[265.396,267.454] [265.46,267.481] [271.402,288.892] [281.074,306.089] 
[281.067,306.176] [294.346,318.836] [311.057,325.538] [311.114,325.401] 
[329.283,324.768] [329.334,324.858] [346.841,316.698] [346.821,316.622] 
[361.132,300.313] [361.315,300.162] [371.031,276.873] [371.031,276.976] 
[376.616,248.957] [376.73,248.926] [379.845,218.592] [379.165,188.073] 
[371.061,138.716] [371.074,138.731] [371.048,138.754] [365.803,123.716] 
[365.782,123.669] [359.817,117.517] [359.829,117.517] [354.273,121.313] 
[354.323,121.274] [348.977,134.54] [349,134.547] [344.506,154.529] 
[344.53,154.46] [340.708,178.87] [340.747,178.868] [338.145,206.479] 
[336.468,235.758] [335.984,264.706] [336.015,264.757] [337.126,293.09] 
[337.078,293.052] [340.649,319.512] [340.752,319.411] [346.316,339.649] 
[355.51,352.77] [355.514,352.734] [355.454,352.786] [367.207,358.233] 
[367.13,358.224] [380.027,355.702] [380.108,355.726] [393.28,346.671] 
[393.21,346.828] [405.441,333.97] [405.401,334.045] [414.546,318.109] 
[414.502,318.203] [420.429,300.483] [420.304,300.603] [420.232,300.587] 
[422.257,281.632] [422.15,281.649]  [269.889,191.93] [269.951,191.861] [276.528,195.14] [276.596,195.166] 
[292.345,199.72] [292.255,199.703] [317.132,202.63] [316.965,202.562] 
[316.982,202.581] [348.599,205.336] [348.603,205.295] [382.139,207.479] 
[382.133,207.458] [413.943,208.746] [413.866,208.66] [437.82,208.869] 
[437.833,208.913] [437.844,208.922] [449.779,207.175] [450.34,203.355] 
