
dataset[0]  =   [222.692,95.665] [223.121,98.1093] [223.154,98.156] [223.381,98.4966] 
[223.36,98.5503] [222.234,98.0338] [222.246,98.0067] [219.861,97.4338] 
[219.908,97.4038] [215.023,97.742] [214.922,97.8689] [208.473,99.9236] 
[208.447,99.9875] [201.172,104.885] [201.254,104.787] [195.314,111.718] 
[195.384,111.768] [191.678,121.026] [191.732,120.994] [191.795,120.991] 
[190.102,131.26] [190.158,131.295] [189.864,142.37] [189.829,142.351] 
[191.605,153.244] [191.565,153.257] [195.586,163.516] [195.59,163.438] 
[201.273,171.905] [201.24,171.899] [208.315,176.953] [216.629,177.566] 
[216.655,177.536] [216.636,177.49] [225.399,174.58] [225.405,174.552] 
[233.437,168.165] [239.056,158.558] [239.075,158.499] [241.382,146.837] 
[241.488,146.832] [242.036,134.045] [240.714,123.414] [240.743,123.48] 
[237.589,116.884] [234.737,115.549] [234.73,115.607] [232.574,120.63] 
[232.563,120.705] [230.161,132.115] [230.171,132.106] [228.908,149.239] 
[231.615,186.334] [231.669,186.429] [236.509,202.442] [236.519,202.517] 
[240.658,215.047] [240.664,214.927] [240.678,214.969] [243.871,225.373] 
[245.788,234.352] [245.817,234.326] [246.596,239.897] [246.575,239.955] 
[246.501,242.169] [246.432,242.281] [244.333,241.909] [244.354,241.934] 
[240.789,239.59] [240.744,239.604] [235.811,235.356] [230.081,229.387] 
[223.68,221.929] [223.704,221.918] [217.274,213.168] [217.27,213.135] 
[211.881,203.699] [211.876,203.797] [208.519,194.187] [208.507,194.215] 
[207.204,184.583] [207.286,175.817] [207.273,175.847] [209.243,168.347] 
[209.219,168.342] [209.215,168.371] [212.817,162.022] [212.845,162.048] 
[217.592,157.229] [217.569,157.466] [223.724,154.816] [223.694,154.702] 
[223.675,154.753] [231.168,154.456] [231.153,154.419] [239.159,156.04] 
[239.127,156.022] [248.322,158.128] [248.317,158.098] [257.494,159.383] 
[265.238,158.336] [265.227,158.342] [271.396,154.831] [271.419,154.859] 
[276.517,149.471] [276.561,149.416] [276.604,149.365] [279.888,142.367] 
[281.432,135.296] [281.537,129.049] [281.146,124.749] [281.117,124.726] 
[280.47,122.93] [279.785,123.827] [279.826,123.768] [278.831,126.826] 
[277.808,130.993] [277.844,131.036] [277.387,135.286] [277.404,135.302] 
[277.403,135.283] [278.078,138.451] [278.126,138.477] [279.106,140.793] 
[279.212,140.811] [279.891,143.083] [279.971,143.095] [279.575,145.015] 
[279.691,145.385] [278,148.534] [277.873,148.516] [277.918,148.454] 
[276.065,153.262] [276.112,153.216] [275.357,160.203] [275.395,160.217] 
[276.92,169.362] [276.915,169.34] [279.947,179.469] [283.663,188.333] 
[283.71,188.309] [283.749,188.334] [288.913,194.057] [288.943,194.043] 
[295.166,195.972] [295.161,195.986] [302.219,193.583] [302.198,193.54] 
[308.67,186.849] [313.731,176.726] [316.826,164.478] [316.858,164.424] 
[318.139,151.765] [318.153,151.756] [318.602,140.711] [318.636,140.664] 
[319.064,132.295] [319.045,132.351] [318.908,128.573] [318.905,128.478] 
[318.949,128.477] [318.122,129.136] [318.113,129.164] [316.39,133.901] 
[314.364,143.087] [312.767,154.998] [312.93,154.941] [312.934,154.913] 
[312.663,167.151] [314.561,178.55] [314.546,178.51] [314.609,178.486] 
[319.064,187.753] [325.708,194.353] [325.748,194.4] [334.457,196.732] 
[344.625,193.524] [344.667,193.533] [355.346,184.352] [355.346,184.408] 
[364.63,170.558] [364.66,170.514] [371.443,153.677] [371.333,153.703] 
[376.899,136.246] [380.867,121.108] [383.1,110.395] [383.995,105.407] 
[383.993,105.398] [382.523,106.991] [382.536,107.063] [379.373,114.963] 
[379.321,114.966] [379.336,114.993] [374.911,128.257] [374.976,128.306] 
[371.051,144.448] [371.015,144.445] [368.569,160.912] [368.556,160.927] 
[367.734,176.105] [367.613,176.091] [367.609,176.07] [367.624,187.659] 
[367.602,187.695] [368.338,194.86] [368.275,194.786] [369.255,196.605] 
[369.302,196.59] [370.998,192.921] [370.968,192.884] [372.793,184.099] 
[372.796,184.111] [374.323,171.453] [374.231,171.38] [374.243,171.372] 
[376.476,156.293] [376.391,156.309] [379.789,139.858] [385.329,124.989] 
[385.317,125.007] [392.146,113.794] [400.772,107.321] [400.713,107.314] 
[409.853,106.116] [409.856,106.074] [418.412,110.51] [425.502,119.743] 
[425.498,119.698] [430.809,133.049] [430.857,133.104] [434.519,149.026] 
[434.539,149.073] [434.552,149.083] [436.942,166.383] [436.928,166.365] 
[438.41,181.55] [438.424,181.621] [438.468,181.629] [439.486,193.663] 
[440.462,202.058] [440.329,202.038] [441.535,207.298] [441.585,207.399] 
[441.469,207.36] [442.782,209.499] [442.788,209.53] [444.365,208.398] 
[444.431,208.446] [445.735,203.68] [445.689,203.672] [446.294,196.434] 
[446.211,196.442] 
dataset[1]  =   [263.668,161.822] [263.635,161.877] [264.543,165.451] [264.517,165.504] 
[265.635,166.037] [265.626,166.049] [265.384,162.355] [265.389,162.36] 
[263.116,156.232] [263.086,156.256] [258.651,148.712] [258.656,148.717] 
[250.955,142.89] [250.911,142.85] [240.657,139.893] [229.516,140.642] 
[218.377,146.585] [208.272,157.313] [208.252,157.316] [200.234,169.456] 
[200.246,169.466] [195.759,182.107] [195.828,182.127] [195.633,194.689] 
[195.607,194.712] [195.636,194.742] [199.362,205.823] [199.309,205.826] 
[206.373,215.833] [206.299,215.808] [215.782,223.772] [215.845,223.745] 
[226.413,228.893] [226.399,228.898] [237.798,232.086] [237.733,232.087] 
[249.552,232.516] [249.454,232.599] [249.487,232.68] [260.912,230.299] 
[260.962,230.328] [270.33,224.397] [270.311,224.353] [277.301,214.135] 
[277.295,214.162] [281.362,201.535] [281.327,201.416] [281.354,201.423] 
[282.832,188.606] [283.163,176.792] [283.137,176.805] [282.59,167.086] 
[281.782,161.09] [281.092,159.928] [281.094,159.875] [280.113,163.952] 
[279.276,172.82] [279.309,172.704] [278.657,185.417] [279.204,200.123] 
[279.156,200.159] [279.147,200.2] [280.255,216.715] [280.262,216.848] 
[281.89,234.353] [281.909,234.369] [283.95,252.308] [283.928,252.301] 
[284.913,268.437] [284.891,268.453] [284.454,281.209] [284.452,281.121] 
[282.361,292.889] [282.35,293.8] [282.273,293.83] [279.319,302.403] 
[279.3,302.486] [275.276,307.565] [275.37,307.605] [269.874,309.118] 
[269.83,309.143] [263.348,307.493] [263.311,307.496] [263.287,307.478] 
[256.176,302.836] [256.198,302.834] [248.857,297.102] [248.901,297.109] 
[241.523,291.223] [241.557,291.27] [235.535,286.1] [230.829,281.193] 
[230.831,281.18] [227.62,276.325] [227.603,276.278] [226.21,271.784] 
[226.254,271.65] [226.96,266.509] [226.973,266.564] [229.639,260.631] 
[229.723,260.755] [234.281,254.987] [234.185,255.023] [234.261,255.047] 
[240.941,249.299] [240.977,249.377] [248.867,243.819] [248.965,243.826] 
[257.587,239.114] [257.601,239.136] [277.072,233.713] [286.915,232.671] 
[286.787,232.672] [286.874,232.658] [295.927,231.827] [295.879,231.864] 
[303.884,230.616] [303.871,230.627] [310.719,228.044] [310.675,228.128] 
[315.728,223.272] [315.781,223.283] [315.758,223.296] [319.771,215.8] 
[322.535,206.833] [322.506,206.831] [324.495,197.309] [324.516,197.286] 
[325.676,187.816] [325.666,187.857] [326.477,179.537] [326.464,179.478] 
[326.822,173.74] [326.815,173.712] [326.857,171.086] [326.859,171.12] 
[326.65,172.326] [325.954,176.862] [325.961,176.856] [325.935,176.802] 
[325.437,184.694] [325.498,184.702] [325.172,195.419] [325.184,195.476] 
[325.401,208.234] [325.33,208.232] [326.9,221.991] [326.925,221.993] 
[328.916,235.615] [328.945,235.615] [331.974,247.486] [331.865,247.478] 
[336.451,255.971] [336.396,256.048] [336.422,256.11] [342.587,260.705] 
[342.561,260.664] [349.619,260.206] [349.561,260.273] [356.633,255.231] 
[356.568,255.227] [356.585,255.203] [362.052,245.081] [362.015,245.075] 
[364.834,231.684] [364.807,231.724] [365.124,216.947] [365.099,216.88] 
[363.533,202.364] [363.582,202.362] [361.285,189.577] [361.282,189.501] 
[359.093,180.083] [357.277,174.772] [355.776,174.238] [355.804,174.196] 
[354.764,178.468] [354.443,187.078] [354.393,187.136] [354.391,187.158] 
[355.192,199.527] [355.221,199.462] [357.567,212.91] [357.613,212.995] 
[361.216,225.838] [361.084,225.803] [367.258,236.766] [367.286,236.799] 
[374.924,244.112] [374.877,244.102] [383.094,246.126] [382.951,245.956] 
[390.081,242.602] [390.025,242.574] [390.071,242.602] [396.338,233.886] 
[400.597,221.163] [400.586,221.207] [403.536,207.391] [403.549,207.332] 
[403.554,207.304] [405.726,193.992] [405.698,193.992] [407.3,182.903] 
[407.317,182.799] [408.86,175.251] [408.955,175.241] [410.743,172.201] 
[410.807,172.26] [412.652,174.211] [412.703,174.235] [413.738,181.046] 
[413.786,181.049] [413.89,192.249] [413.925,192.345] [413.497,206.401] 
[413.465,206.406] [412.463,221.857] [412.519,221.861] [410.823,237.501] 
[410.862,237.504] [408.61,250.602] [408.601,250.583] [407.449,259.633] 
[407.438,259.583] [408.073,264.172] [408.074,264.182] [410.241,263.495] 
[413.828,257.43] [417.513,246.87] [417.496,246.86] [421.063,233.369] 
[421.06,233.415] [421.097,233.399] [424.894,218.345] [424.868,218.356] 
[429.325,203.21] [429.217,203.22] [429.196,203.201] [434.284,189.514] 
[434.228,189.531] [440.136,177.95] [440.152,177.971] [446.555,170.12] 
[454.038,166.214] [454.081,166.174] [461.848,166.484] [461.82,166.472] 
[468.902,171.878] [468.92,171.84] [474.404,181.754] [474.389,181.713] 
[477.295,194.488] [477.329,194.57] [478.667,209.64] [478.607,209.586] 
[477.995,225.696] [478.002,225.638] [478.068,225.667] [478.249,240.818] 
[478.342,240.786] [478.078,253.458] [478.112,253.438] [477.833,262.897] 
[477.891,262.94] [478.203,268.519] [478.27,268.446] [478.625,268.495] 
[478.611,268.55] [478.578,262.132] [478.869,262.231] [478.81,262.171] 
[478.634,249.211] [478.693,249.223] [477.054,233.333] [477.073,233.276] 

dataset[2]  =   [285.996,184.271] [286.079,184.24] [292.432,188.275] [292.474,188.278] 
[298.797,188.211] [298.729,188.19] [301.033,183.87] [300.943,183.915] 
[301.019,183.903] [298.023,176.31] [298.002,176.291] [290.719,166.597] 
[290.716,166.6] [280.048,157.887] [280.124,157.884] [280.151,157.853] 
[266.881,152.753] [266.885,152.785] [252.765,152.533] [252.741,152.603] 
[239.814,156.55] [228.987,165.438] [228.994,165.463] [220.271,178.64] 
[220.284,178.524] [214.553,193.823] [212.491,210.22] [212.548,210.257] 
[214.355,226.489] [214.398,226.522] [220.236,240.771] [220.2,240.796] 
[229.304,251.972] [229.347,251.956] [229.379,251.935] [241.039,257.791] 
[241.012,257.829] [253.535,258.123] [253.543,258.083] [264.982,252.365] 
[264.984,252.455] [274.658,241.968] [282.245,227.929] [282.168,228] 
[287.354,212.497] [289.715,197.482] [289.775,197.584] [289.603,185.025] 
[288.16,177.275] [288.221,177.245] [288.193,177.202] [286.02,175.871] 
[285.998,175.774] [286.009,175.798] [283.503,181.015] [283.534,180.972] 
[281.591,192.03] [281.682,192.041] [280.459,206.835] [281.439,222.546] 
[284.365,239.316] [284.377,239.341] [290.024,255.702] [290.081,255.748] 
[296.288,269.645] [296.327,269.575] [301.528,279.292] [301.567,279.339] 
[304.984,285.731] [305.049,285.766] [305.627,289.475] [305.614,289.554] 
[302.633,290.747] [302.678,290.751] [295.943,289.997] [287.691,287.885] 
[287.71,287.85] [278.756,283.918] [278.694,283.878] [269.758,278.51] 
[269.848,278.488] [262.1,271.094] [262.118,271.132] [256.164,261.704] 
[256.05,261.791] [256.17,261.749] [252.35,251.958] [252.403,252.022] 
[251.043,242.359] [251.054,242.38] [251.046,242.403] [252.548,233.033] 
[252.593,233.059] [257.191,224.797] [257.254,224.832] [265.017,217.2] 
[264.998,217.247] [275.111,211.161] [286.62,205.736] [286.673,205.748] 
[298.879,200.584] [312.03,196.535] [312.014,196.566] [325.319,192.911] 
[337.325,188.846] [337.348,188.879] [347.151,183.749] [347.189,183.727] 
[354.971,177.2] [354.94,177.227] [359.945,170.158] [359.934,170.164] 
[362.38,164.102] [362.396,164.088] [363.128,161.043] [363.118,161.126] 
[361.869,163.116] [361.793,163.136] [359.26,170.02] [359.261,170.11] 
[356.302,181.534] [356.291,181.504] [354.494,197.278] [354.458,197.253] 
[354.676,215.133] [354.71,215.093] [354.682,215.158] [356.782,232.373] 
[356.769,232.378] [356.747,232.363] [360.115,246.75] [360.148,246.8] 
[364.357,257.334] [364.416,257.319] [369.087,262.582] [369.094,262.593] 
[374.602,262.321] [374.583,262.307] [381.166,256.525] [386.801,246.06] 
[386.756,246.09] [391.222,232.281] [391.172,232.242] [394.061,215.923] 
[393.967,215.987] [395.628,199.48] [395.352,185.067] [395.388,185.082] 
[395.371,185.07] [395.041,174.659] [394.978,174.712] [394.897,169.808] 
[394.484,171.31] [394.48,171.335] [393.877,178.879] [393.813,178.891] 
[393.409,190.877] [393.39,205.244] [393.773,219.55] [393.73,219.531] 
[395.809,232.748] [399.344,243.324] [399.261,243.39] [399.277,243.399] 
[399.285,243.398] [404.569,249.498] [404.602,249.521] [412.369,249.937] 
[421.096,244.852] [421.096,244.821] [429.798,234.44] [429.844,234.478] 
[437.468,220.628] [437.529,220.655] [444.634,206.002] [444.613,205.975] 
[449.9,192.915] [449.845,192.998] [453.501,183.311] [453.443,183.306] 
[455.459,178.97] [455.441,178.998] [455.08,182.04] [455.07,182.022] 
[452.709,192.42] [452.75,192.398] [450.67,206.765] [450.714,206.771] 
[448.759,223.517] [448.828,223.51] [446.642,240.554] [446.659,240.542] 
[445.86,255.218] [445.854,255.193] [446.581,265.887] [446.559,265.904] 
[448.109,269.968] [448.141,269.958] [449.713,267.732] [449.622,267.632] 
[449.674,267.637] [450.724,258.89] [451.38,244.984] [451.427,244.984] 
[451.387,244.954] [451.467,244.926] [452.007,228.637] [452.007,228.633] 
[453.63,211.955] [453.668,211.957] [456.587,197.059] [456.615,197.011] 
[460.833,184.819] [460.816,184.832] [466.71,176.611] [466.799,176.628] 
[475.187,173.353] [475.174,173.301] [485.451,174.617] [495.286,180.407] 
[502.199,189.408] [505.533,199.869] [505.512,199.851] [505.536,199.867] 
[506.683,213.236] [506.722,213.267] [504.948,228.205] [505.028,228.148] 
[501.495,244.499] [501.403,244.628] [496.447,260.671] [496.52,260.622] 
[492.236,272.901] [492.289,272.902] [489.445,281.193] [489.494,281.153] 
[488.726,283.805] [488.769,283.797] [489.507,279.97] [489.479,280.107] 
[489.474,280.074] [490.288,269.455] [490.301,269.535] [490.367,269.555] 
[491.277,254.045] [491.32,254.051] [492.722,234.057] [492.73,234.044] 

dataset[3]  =   [232.649,193.111] [232.653,193.109] [232.091,186.757] [232.129,186.731] 
[228.929,180.056] [229.008,179.949] [229.062,179.943] [223.996,172.434] 
[223.958,172.433] [216.616,165.378] [216.61,165.369] [207.407,160.386] 
[207.484,160.424] [197.82,158.428] [197.761,158.48] [187.644,160.466] 
[187.684,160.418] [179.018,165.143] [178.931,165.225] [172.737,171.98] 
[172.805,171.936] [169.29,180.148] [169.236,180.178] [168.07,189.066] 
[167.955,189.202] [168.04,189.156] [168.063,189.139] [168.791,198.444] 
[168.788,198.493] [171.984,207.925] [171.934,207.912] [176.935,216.018] 
[176.906,216.108] [183.561,222.9] [183.506,222.879] [191.16,227.938] 
[191.11,227.962] [199.207,230.661] [199.215,230.695] [207.375,230.717] 
[207.354,230.75] [215.021,227.877] [215.054,227.837] [221.989,221.844] 
[227.823,214.067] [227.738,214.033] [232.228,204.918] [232.227,204.916] 
[235.536,194.823] [235.487,194.796] [237.495,184.918] [237.487,184.914] 
[239.009,175.87] [238.938,175.869] [239.519,168.519] [239.559,168.46] 
[239.803,163.996] [239.77,164.041] [239.229,163.403] [239.294,163.317] 
[238.184,167.291] [238.2,167.26] [236.57,174.674] [236.591,174.747] 
[236.585,174.725] [234.918,185.202] [234.872,185.183] [234.175,196.915] 
[234.006,197.028] [233.97,197.015] [233.888,208.769] [233.922,208.66] 
[234.495,220.37] [234.461,220.397] [233.989,234.238] [234.045,234.239] 
[234.417,250.45] [234.479,250.371] [236.251,266.136] [236.261,266.145] 
[237.293,280.793] [237.343,280.812] [239.032,293.561] [241.244,304.111] 
[241.209,304.057] [243.016,311.495] [243.032,311.496] [243.032,311.46] 
[244.445,316.582] [244.429,316.552] [245.462,320.333] [245.427,320.348] 
[246.034,323.362] [246.091,323.324] [245.797,326.533] [245.85,326.556] 
[244.355,328.392] [244.354,328.418] [241.619,328.279] [241.601,328.305] 
[237.877,326.372] [237.847,326.36] [233.171,322.565] [227.114,317.535] 
[227.257,317.395] [227.263,317.476] [219.937,311.431] [220.023,311.257] 
[212.232,305.217] [212.273,305.149] [204.526,298.607] [204.591,298.588] 
[197.567,292.294] [197.563,292.357] [192.067,285.648] [191.96,285.647] 
[188.805,278.429] [187.322,270.826] [187.272,270.897] [187.569,262.721] 
[187.625,262.758] [189.177,254.627] [189.183,254.569] [191.64,247.025] 
[191.685,246.973] [191.684,247.017] [194.754,240.106] [194.795,240.091] 
[198.737,233.921] [203.664,228.748] [203.644,228.725] [209.343,224.13] 
[209.383,224.109] [215.492,220.269] [215.543,220.35] [222.288,217.286] 
[222.32,217.278] [229.576,214.587] [229.541,214.543] [237.005,212.063] 
[237.017,212.068] [244.5,209.915] [244.374,209.832] [252.067,207.71] 
[252.031,207.765] [252.057,207.746] [252.111,207.697] [260.044,205.526] 
[260.07,205.576] [267.856,203.245] [267.833,203.204] [276.011,200.931] 
[276.038,201.031] [283.55,199.38] [283.552,199.388] [290.7,197.998] 
[290.758,198.004] [296.639,196.675] [296.617,196.685] [300.209,193.931] 
[300.199,193.922] [301.158,189.147] [301.166,189.24] [300.315,184.859] 
[298.011,182.069] [298.04,182.089] [294.433,182.243] [294.411,182.282] 
[290.338,185.852] [290.361,185.815] [287.416,193.446] [287.436,193.449] 
[287.278,204.952] [290.135,219.076] [290.119,219.094] [294.312,233.414] 
[294.318,233.439] [298.985,247.251] [298.996,247.117] [303.367,256.04] 
[303.406,256.009] [308.056,268.807] [308.108,268.76] [313.808,275.784] 
[313.795,275.911] [313.802,275.913] [313.788,275.849] [319.815,279.697] 
[319.85,279.665] [325.398,278.128] [325.462,278.16] [330.144,271.316] 
[330.185,271.25] [333.288,260.485] [333.308,260.434] [334.82,247.481] 
[334.796,247.552] [334.82,232.831] [334.839,232.845] [334.503,218.695] 
[334.441,218.711] [333.946,205.856] [333.894,205.866] [333.254,195.598] 
[333.322,195.635] [332.983,188.596] [332.928,188.63] [332.208,185.268] 
[332.253,185.313] [331.627,185.268] [330.914,189.158] [330.934,189.049] 
[330.203,196.319] [330.21,196.348] [330.075,205.665] [330.06,205.675] 
[330.976,215.702] [330.964,215.723] [332.938,226.041] [332.994,226.108] 
[336.148,236.121] [336.119,236.153] [340.6,245.558] [340.583,245.581] 
[345.089,253.876] [350.434,260.885] [350.363,260.894] [350.368,260.901] 
[356.423,264.621] [356.485,264.611] [362.557,264.144] [362.518,264.18] 
[368.048,260.03] [368.088,260.018] [372.598,251.577] [372.604,251.616] 
[375.589,240.237] [375.579,240.267] [377.885,227.348] [379.721,214.701] 
[379.775,214.746] [381.285,203.267] [381.265,203.285] [381.233,203.296] 
[382.399,194.505] [382.394,194.481] [382.898,189.495] [382.928,189.523] 
[382.813,188.399] [382.819,188.371] [381.962,191.33] [381.898,191.345] 
[380.369,198.945] [380.374,198.932] [379.305,209.437] [379.338,209.433] 
[379,221.626] [379.032,221.615] [379.525,233.832] [379.431,233.878] 
[380.593,245.339] [380.559,245.373] [381.22,254.138] [381.11,254.255] 
[381.083,254.248] [380.613,260.517] [380.567,260.501] [380.589,260.487] 
[378.882,263.884] [378.835,263.912] [376.046,262.928] [376.033,262.883] 
[373.149,258.044] [373.079,258.053] [370.794,250.609] [368.671,240.264] 
[368.726,240.367] [366.916,228.21] [366.12,215.107] [366.121,215.154] 
[366.458,202.169] [366.466,202.22] [367.933,190.251] [371.025,181.078] 
[371.036,181.134] [376.07,174.609] [382.675,170.895] [382.685,170.889] 
[390.484,170.644] [390.562,170.772] [398.643,174.088] [398.59,174.203] 
[406.218,180.441] [406.238,180.395] [412.266,189.341] [416.545,200.687] 
[416.548,200.718] [419.062,213.82] [419.047,213.794] [419.093,213.83] 
[420.803,227.967] [420.943,228.011] [423.143,243.239] [423.104,243.296] 
[424.953,258.905] [424.869,258.974] [424.851,259.007] [424.832,275.288] 
[424.874,275.278] [422.857,290.954] [422.877,290.914] [421.72,303.582] 
[421.677,303.531] [422.252,310.625] [424.13,311.121] [424.065,311.048] 
[426.597,305.054] [426.604,305.057] [428.86,292.155] [428.797,292.216] 
