
dataset[0]  =   [253.242,224.641] [253.259,224.648] [248.669,220.248] [248.677,220.187] 
[241.719,214.927] [231.406,210.198] [231.476,210.134] [218.136,207.171] 
[218.106,207.127] [218.063,207.191] [202.763,207.109] [202.796,207.08] 
[202.765,207.107] [186.762,210.671] [186.883,210.795] [171.155,217.256] 
[171.131,217.298] [159.163,226.459] [159.251,226.456] [152.109,238.407] 
[149.254,250.775] [149.166,250.825] [149.967,263.592] [153.952,277.778] 
[160.873,290.882] [171.167,302.379] [183.304,311.282] [183.212,311.351] 
[197.404,316.198] [212.748,316.469] [212.753,316.439] [227.19,311.837] 
[227.156,311.823] [238.369,301.782] [245.673,287.624] [249.069,270.083] 
[249.144,270.063] [251.208,249.831] [251.163,249.734] [251.202,228.95] 
[251.19,228.946] [249.938,211.224] [249.857,211.158] [247.993,197.774] 
[248.052,197.751] [245.886,191.106] [243.635,191.745] [243.635,191.739] 
[241.896,199.236] [239.873,214.136] [239.849,214.079] [238.137,233.462] 
[238.11,233.478] [238.236,255.049] [238.168,254.994] [239.993,275.738] 
[240.021,275.714] [243.721,294.755] [248.467,310.896] [248.506,311.028] 
[255.427,324.691] [264.111,334.085] [263.992,334.166] [274.672,338.222] 
[286.337,335.39] [286.39,335.378] [296.67,326.135] [296.667,326.101] 
[304.636,309.569] [310.651,287.67] [313.927,262.443] [316.077,238.22] 
[316.001,238.183] [318.775,217.421] [318.875,217.461] [318.854,217.388] 
[322.537,201.162] [326.182,192.397] [326.149,192.332] [329.417,189.977] 
[329.434,189.986] [334.333,192.602] [338.741,199.213] [338.723,199.264] 
[341.823,209.346] [341.855,209.329] [342.936,219.999] [342.89,219.983] 
[340.691,226.823] [340.678,226.739] [335.264,227.084] [335.235,227.055] 
[326.372,223.457] [326.383,223.365] [315.682,217.487] [315.702,217.454] 
[303.964,211.423] [291.582,208.682] [291.583,208.672] [280.409,211.32] 
[273.242,220.255] [273.234,220.279] [271.435,235.341] [274.36,254.652] 
[274.36,254.63] [280.915,273.717] [280.923,273.899] [280.956,273.961] 
[289.544,294.726] [289.507,294.652] [289.523,294.542] [298.027,315.02] 
[297.977,315.037] [307.218,333.879] [307.139,333.924] [318.166,349.709] 
[318.195,349.697] [333.977,361.397] [333.904,361.384] [355.122,366.927] 
[378.85,365.683] [378.862,365.781] [403.68,355.795] [443.064,327.777] 
[449.559,316.476] [468.087,290.044] [468.007,289.998] [468.023,289.999] 
[481.086,261.725] [481.105,261.693] [488.134,232.867] [489.2,207.72] 
[484.008,188.565] [472.383,177.24] [472.384,177.278] [455.661,176.912] 
[455.641,177.032] [439.05,187.976] [439.029,187.991] [425.199,207.125] 
[425.128,207.054] [413.276,233.857] [407.272,265.356] [407.385,265.261] 
[407.463,265.317] [407.466,265.324] [407.651,298.724] [407.665,298.712] 
[414.939,331.235] [414.981,331.237] [431.767,358.804] [431.72,358.813] 
[455.945,376.867] [455.871,376.901] [486.61,382.663] [522.286,376.664] 
[522.258,376.579] [558.318,360.727] [586.294,338.357] [602.276,313.715] 
[602.25,313.702] [605.724,288.507] [605.736,288.559] [601.034,267.559] 
[587.765,249.75] [587.714,249.786] 
dataset[1]  =   [201.657,195.714] [201.628,195.746] [205.326,194.104] [205.241,194.089] 
[204.64,191.782] [204.648,191.785] [198.421,187.655] [185.792,183.699] 
[168.453,182.819] [168.438,182.841] [147.976,186.418] [148.002,186.433] 
[129.515,195.426] [129.537,195.383] [114.182,207.915] [114.35,207.9] 
[114.394,207.883] [104.58,222.781] [104.534,222.901] [101.74,239.532] 
[101.667,239.596] [105.043,257.649] [104.978,257.662] [112.556,275.224] 
[124.016,290.035] [123.907,290.121] [137.487,301.48] [137.418,301.501] 
[153.547,308.398] [169.795,310.194] [185.547,304.629] [199.563,290.706] 
[199.422,290.726] [199.447,290.697] [209.48,269.918] [209.369,269.859] 
[215.135,245.815] [216.968,220.947] [216.929,220.973] [217.128,198.367] 
[216.083,182.373] [216.136,182.426] [215.041,175.098] [213.846,178.012] 
[213.847,178.002] [212.684,191.116] [212.695,191.072] [212.568,212.94] 
[212.538,212.734] [213.873,238.906] [213.921,238.942] [213.88,238.93] 
[218.645,265.312] [218.775,265.37] [226.31,289.071] [226.259,289.183] 
[236.836,310.411] [236.851,310.395] [250.731,326.687] [266.899,335.145] 
[266.975,335.13] [283.632,333.535] [298.961,321.376] [298.916,321.345] 
[310.673,299.888] [319.655,272.253] [319.674,272.222] [319.705,272.203] 
[327.371,242.696] [334.819,214.48] [341.416,191.141] [341.475,191.121] 
[348.156,174.942] [353.729,167.453] [356.361,166.657] [356.374,166.702] 
[354.71,169.316] [354.656,169.317] [348.915,173.365] [338.306,177.764] 
[324.381,183.577] [309.06,191.489] [309.075,191.408] [295.082,202.363] 
[295.226,202.465] [287.662,215.494] [288.761,229.065] [288.787,229.04] 
[297.018,242.385] [308.5,254.658] [308.586,254.61] [320.896,265.833] 
[332.889,276.224] [345.725,284.478] [359.318,291.262] [359.277,291.266] 
[359.338,291.328] [374.66,294.204] [392.354,291.842] [392.29,291.802] 
[411.418,284.115] [430.183,270.611] [430.227,270.621] [446.797,252.813] 
[446.807,252.834] [460.366,233.32] [460.402,233.332] [469.133,212.082] 
[471.514,191.433] [471.494,191.382] [468.101,174.426] [468.102,174.402] 
[468.2,174.424] [459.288,163.545] [459.227,163.542] [459.149,163.55] 
[444.445,160.827] [426.431,166.484] [426.468,166.654] [409.548,180.169] 
[395.559,198.751] [395.578,198.722] [385.377,220.314] [385.533,220.369] 
[382.157,242.59] [382.165,242.541] [385.405,263.709] [385.377,263.681] 
[394.731,281.971] [409.591,294.39] [409.655,294.433] [427.045,297.939] 
[427.099,297.891] [443.628,292.569] [456.545,280.831] [464.758,265.224] 
[464.75,265.184] [467.046,247.26] [467.042,247.277] [464.135,229.635] 
[464.093,229.694] [456.465,214.966] [456.44,214.856] [444.541,204.5] 
[444.457,204.534] [428.446,197.062] [428.484,197.07] 
dataset[2]  =   [248.671,211.976] [248.973,211.959] [252.606,208.829] [252.547,208.789] 
[257.057,206.349] [256.999,206.406] [258.122,203.669] [258.129,203.629] 
[255.633,199.604] [255.541,199.722] [248.178,197.41] [248.077,197.446] 
[248.1,197.423] [233.965,197.869] [233.921,197.91] [216.01,202.59] 
[215.988,202.526] [200.038,211.458] [200.035,211.51] [186.489,224.927] 
[175.246,241.064] [175.207,241.02] [169.079,258.929] [169.122,258.879] 
[166.299,277.215] [166.31,277.252] [167.877,293.92] [173.31,309.187] 
[173.221,309.242] [181.053,320.987] [180.962,321.056] [191.655,328.58] 
[191.573,328.671] [204.711,330.908] [204.63,330.858] [217.799,326.02] 
[217.913,325.879] [230.643,312.637] [230.756,312.611] [240.68,293.293] 
[240.657,293.277] [240.635,293.367] [246.54,271.255] [246.595,271.255] 
[250.726,248.774] [250.633,248.759] [251.977,229.003] [251.921,228.971] 
[250.103,213.68] [246.378,206.158] [246.321,206.184] [246.255,206.162] 
[242.28,207.986] [242.18,208.05] [237.62,220.31] [233.815,240.241] 
[231.939,265.254] [231.897,265.259] [233.521,290.539] [237.747,314.928] 
[237.783,315.014] [246.248,334.471] [258.063,347.873] [258.025,348.009] 
[271.949,352.103] [271.911,352.115] [286.987,344.225] [286.96,344.182] 
[301.533,325.265] [314.004,297.206] [325.092,265.755] [336.967,235.236] 
[336.936,235.233] [351.721,210.946] [366.622,193.326] [366.509,193.233] 
[366.524,193.099] [381.335,183.346] [381.253,183.308] [394.354,183.277] 
[398.693,189.162] [398.729,189.206] [393.468,197.726] [393.38,197.687] 
[377.533,207.649] [354.144,217.183] [354.204,217.204] [329.59,225.715] 
[329.538,225.78] [307.035,233.762] [287.687,242.317] [274.16,253.56] 
[271.056,267.367] [271.066,267.371] [275.371,287.531] [275.367,287.407] 
[286.714,306.877] [286.681,306.815] [286.673,306.772] [305.594,326.01] 
[305.577,326.046] [330.973,341.931] [361.818,353.025] [393.833,356.998] 
[393.802,357.025] [426.332,349.625] [426.319,349.628] [455.834,333.965] 
[455.737,333.924] [475.202,312.693] [475.19,312.75] [487.049,285.333] 
[487.091,285.29] [489.549,259.245] [489.548,259.296] [480.101,237.996] 
[480.081,238.011] [480.094,237.968] [461.626,217.761] [461.566,217.772] 
[436.532,205.787] [436.507,205.812] [410.053,207.95] [388.533,220.324] 
[388.6,220.348] [375.897,243.226] [375.917,243.247] [375.198,271.035] 
[375.215,271.091] [384.448,301.497] [402.903,326.482] [402.943,326.45] 
[426.875,343.83] [426.879,343.755] [454.477,352.449] [454.556,352.406] 
[481.821,351.954] [481.802,351.94] [501.716,343.245] [501.681,343.127] 
[511.657,328.901] [511.663,328.891] [511.642,312.871] [511.612,312.837] 
[501.014,297.274] [500.962,297.22] [483.214,280.778] [483.15,280.786] 
[460.81,264.775] [460.768,264.7] 
dataset[3]  =   [267.375,227.554] [267.391,227.43] [272.284,222.858] [272.368,222.78] 
[269.188,218.01] [269.07,218.041] [269.094,217.908] [256.092,211.82] 
[256.059,211.98] [234.887,208.436] [203.065,211.757] [203.065,211.784] 
[203.052,211.799] [170.405,225.544] [170.439,225.566] [148.705,247.772] 
[135.838,272.834] [135.784,272.932] [135.508,296.271] [135.501,296.151] 
[146.983,316.005] [164.198,328.264] [184.84,330.198] [206.985,322.35] 
[207.042,322.382] [225.053,306.131] [225.042,306.108] [237.717,283.242] 
[237.737,283.26] [237.776,283.238] [242.306,262.958] [242.352,262.912] 
[240.61,247.506] [240.579,247.515] [235.299,238.794] [232.057,240.714] 
[232.376,254.456] [232.273,254.454] [238.31,275.025] [238.355,275.071] 
[248.029,302.875] [247.99,302.858] [262.656,326.996] [279.943,343.452] 
[279.954,343.452] [296.579,348.951] [296.566,348.947] [310.14,339.117] 
[310.15,339.146] [318.647,309.821] [323.291,273.049] [323.319,273.009] 
[334.154,242.663] [334.125,242.692] [351.606,214.855] [351.614,214.777] 
[368.161,194.455] [368.207,194.421] [380.953,185.168] [389.098,183.57] 
[389.05,183.486] [389.478,189.615] [389.478,189.51] [389.462,189.43] 
[383.405,200.438] [383.443,200.366] [372.673,211.674] [372.73,211.734] 
[353.991,225.181] [354.015,225.15] [327.669,239.086] [327.616,239.148] 
[307.048,251.141] [307.047,251.087] [290.148,266.222] [289.924,266.15] 
[280.829,284.671] [280.844,284.652] [288.14,304.423] [288.134,304.441] 
[306.506,327.198] [306.531,327.354] [333.369,343.648] [333.32,343.747] 
[333.329,343.737] [366.59,353.648] [366.605,353.635] [399.903,354.302] 
[427.882,344.394] [451.622,323.679] [468.404,297.84] [475.329,271.592] 
[475.343,271.558] [472.009,244.602] [471.914,244.661] [458.027,225.136] 
[436.487,214.045] [436.41,214.094] [412.631,212.151] [412.694,211.924] 
[412.793,211.871] [391.724,222.827] [376.009,240.23] [375.979,240.25] 
[367.423,265.381] [367.494,265.411] [368.457,292.785] [368.442,292.781] 
[380.419,319.533] [380.423,319.512] [380.395,319.516] [400.862,341.563] 
[400.807,341.551] [427.192,355.064] [427.186,355.076] [453.912,360.798] 
[453.94,360.784] [475.1,359.084] [475.109,358.991] [491.574,352.193] 
[491.584,352.28] [491.58,352.169] [501.633,341.873] [501.633,341.814] 
