
dataset[0]  =   [338.718,158.494] [338.65,158.661] [335.65,156.833] [335.652,156.937] 
[331.764,155.523] [331.712,155.582] [327.046,154.645] [327.068,154.597] 
[327.073,154.633] [327.126,154.706] [320.879,154.451] [320.858,154.469] 
[313.032,155.628] [312.998,155.573] [302.665,158.695] [302.644,158.747] 
[291.972,164.065] [282.183,170.796] [262.066,189.351] [253.895,199.266] 
[246.493,210.786] [246.545,210.756] [241.678,224.352] [241.597,224.384] 
[240.685,236.955] [242.52,246.981] [242.586,247.062] [246.282,254.405] 
[251.95,260.605] [252.005,260.508] [259.32,264.873] [259.318,264.866] 
[267.75,268.797] [277.467,271.78] [277.474,271.73] [288.688,273.239] 
[288.892,273.35] [288.899,273.406] [301.244,274.242] [301.293,274.204] 
[314.273,274.558] [314.306,274.54] [314.292,274.546] [340.399,272.445] 
[340.484,272.478] [352.758,269.577] [352.712,269.629] [363.788,265.222] 
[372.884,259.104] [372.901,259.149] [379.247,251.002] [383.996,240.386] 
[387.557,226.191] [387.588,226.189] [388.23,214.664] [388.293,214.746] 
[388.312,214.716] [388.498,201.998] [385.718,189.661] [385.748,189.648] 
[380.353,180.469] [375.814,173.165] [375.83,173.14] [370.958,169.028] 
[364.262,168.228] [356.203,169.948] [347.353,174.431] [338.027,179.477] 
[338.054,179.487] [328.711,185.933] [328.879,185.955] [328.906,185.928] 
[328.899,185.982] [321.018,194.971] [321.004,194.991] [315.05,204.608] 
[314.998,204.629] [312.691,214.716] [313.407,224.039] [313.438,224.08] 
[316.14,230.886] [316.172,230.85] [321.147,234.62] [327.757,235.554] 
[327.791,235.58] [336.222,234.655] [336.26,234.665] [345.713,233.579] 
[345.736,233.55] [345.727,233.611] [355.473,232.432] [366.329,231.97] 
[366.355,231.932] [377.297,230.591] [386.856,227.468] [386.874,227.442] 
[395.52,223.29] [395.515,223.26] [403.357,218.462] [408.285,211.252] 
[408.28,211.307] [410.114,204.03] [410.119,204.032] [409.663,197.255] 
[409.74,197.256] [408.239,193.136] [408.369,193.139] [408.385,193.179] 
[405.825,192.924] [402.859,197.222] [402.818,197.129] [402.843,197.182] 
[400.455,205.74] [400.407,205.778] [399.068,218.213] [399.153,218.276] 
[399.588,232.336] [402.792,257.575] [406.393,267.077] [413.165,273.859] 
[413.164,273.869] [423.161,278.152] [423.149,278.177] [423.135,278.195] 
[435.769,279.102] [449.404,276.103] [449.352,276.041] [462.369,269.067] 
[472.637,258.617] [472.657,258.639] [479.517,245.098] [483.002,228.889] 
[483.008,228.977] [482.23,212.667] [475.969,196.655] [475.969,196.617] 
[467.46,182.18] [467.569,182.255] [455.858,170.667] [455.835,170.654] 
[455.856,170.672] [440.551,163.532] [440.624,163.601] [440.649,163.617] 
[424.388,161.721] [424.397,161.685] [410.384,164.951] [410.381,164.996] 
[402.575,172.25] [403.264,181.361] [403.22,181.434] [411.646,189.776] 
[411.613,189.724] [426.139,196.004] [445.802,198.84] [445.826,198.817] 
[467.45,197.174] [467.434,197.215] [490.261,192.599] [490.222,192.594] 
[510.387,184.468] [528.134,173.68] [528.176,173.622] [541.601,163.382] 
[549.395,155.055] [549.393,154.978] [551.311,149.74] [548.477,150.031] 
[541.75,156.872] [541.814,156.86] [532.111,168.935] [521.714,185.258] 
[513.542,202.299] [513.538,202.396] [508.798,220.019] [508.845,220.041] 
[507.797,235.422] [509.797,248.542] [514.811,257.134] [514.829,257.101] 
[520.83,260.261] [520.916,260.287] [526.761,258.361] [526.73,258.402] 
[531.905,252.188] [531.969,252.249] [534.413,239.343] [534.457,239.347] 
[533.276,221.497] [533.278,221.452] [529.633,200.008] [523.458,175.904] 
[523.489,175.836] [515.576,153.091] 
dataset[1]  =   [275.414,194.777] [275.377,194.822] [273.98,193.54] [271.638,190.995] 
[267.655,187.105] [267.716,187.063] [260.94,182.703] [260.917,182.662] 
[251.673,179.588] [251.718,179.652] [241.061,179.442] [241.193,179.389] 
[229.5,183.298] [229.527,183.27] [229.548,183.269] [217.989,190.738] 
[218.022,190.769] [207.849,200.828] [207.987,200.744] [199.176,213.671] 
[199.077,213.653] [199.113,213.658] [192.297,228.072] [189.331,243.779] 
[189.409,243.763] [189.919,259.584] [189.887,259.574] [194.251,275.247] 
[194.298,275.246] [201.437,288.89] [211.258,300.63] [211.286,300.583] 
[223.898,310.311] [223.88,310.285] [239.336,318.088] [258.128,324.198] 
[258.149,324.193] [278.398,328.03] [278.427,328.02] [298.416,328.049] 
[317.056,323.402] [333.234,313.93] [333.218,313.955] [347.241,300.85] 
[347.183,300.903] [357.741,285.23] [365.538,268.112] [370.867,250.634] 
[370.896,250.645] [370.94,250.622] [373.086,233.383] [373.044,233.373] 
[372.506,216.765] [372.469,216.798] [368.297,203.229] [368.327,203.198] 
[360.961,193.445] [360.988,193.461] [350.381,189.095] [337.835,189.758] 
[337.815,189.799] [324.297,195.352] [312.495,204.763] [312.517,204.75] 
[302.693,216.87] [295.481,229.954] [295.462,229.975] [295.484,230.044] 
[290.998,243.936] [290.518,258.109] [293.014,271.97] [298.31,285.031] 
[298.26,285.029] [306.226,296.383] [306.287,296.388] [317.028,304.489] 
[331.643,307.218] [348.54,305.607] [348.518,305.632] [364.217,300.401] 
[364.242,300.415] [377.555,292.85] [387.791,283.355] [387.883,283.313] 
[395.198,271.463] [395.154,271.508] [396.705,264.395] [398.412,257.418] 
[398.386,242.418] [398.472,242.384] [397.074,227.431] [397.058,227.464] 
[394.904,213.818] [390.538,193.781] [388.517,190.647] [388.543,190.663] 
[386.004,193.021] [386.108,192.967] [383.865,200.524] [383.076,211.839] 
[383.071,211.938] [383.756,225.317] [386.273,239.607] [386.257,239.608] 
[390.355,254.047] [390.336,254.014] [395.425,268.473] [395.471,268.459] 
[400.419,283.366] [406.202,297.066] [406.254,297.105] [414.144,306.76] 
[414.177,306.686] [414.157,306.657] [424.341,310.441] [424.36,310.405] 
[435.609,308.466] [435.65,308.556] [445.877,301.909] [445.912,301.807] 
[445.936,301.805] [454.79,291.131] [462.557,276.878] [462.647,276.852] 
[468.178,260.525] [468.204,260.51] [470.602,242.298] [470.597,242.333] 
[469.554,223.753] [469.476,223.757] [465.331,205.912] [465.305,205.918] 
[458.059,190.756] [458.094,190.74] [458.118,190.793] [447.629,179.016] 
[447.551,178.978] [433.943,172.157] [433.93,172.189] [419.363,170.923] 
[406.47,175.191] [406.485,175.198] [398.783,183.583] [398.825,183.531] 
[399.294,193.889] [399.359,193.902] [408.5,203.857] [408.557,203.853] 
[426.114,211.763] [447.471,215.772] [447.441,215.785] [469.042,215.715] 
[489.386,212.417] [489.434,212.405] [505.644,208.376] [505.621,208.234] 
[516.084,204.629] [516.165,204.595] [519.754,203.654] [519.885,203.819] 
[519.975,203.886] [517.17,207.639] [517.299,207.609] [510.874,218.171] 
[503.189,235.409] [503.189,235.407] [496.759,260.845] [496.754,260.783] 
[493.219,288.414] [493.236,288.446] [491.684,313.301] [491.747,313.251] 
[493.688,330.669] [493.71,330.616] [498.47,339.126] [498.519,339.18] 
[503.882,338.419] [509.635,328.541] [509.667,328.603] [514.179,310.251] 
[514.231,310.303] [515.137,284.513] 
dataset[2]  =   [310.545,205.053] [310.147,198.299] [310.148,198.3] [306.225,192.031] 
[298.504,185.647] [298.576,185.557] [286.741,180.103] [286.76,180.13] 
[286.839,180.063] [271.251,176.028] [271.312,175.94] [253.492,176.915] 
[253.512,176.758] [237.645,182.627] [237.723,182.556] [225.286,192.684] 
[225.135,192.625] [214.937,204.48] [215.016,204.584] [215.033,204.617] 
[207.066,218.977] [203.811,237.496] [203.844,237.691] [204.348,257.859] 
[204.363,257.851] [208.445,277.215] [208.418,277.254] [217.342,295.237] 
[217.35,295.22] [217.38,295.152] [230.885,310.864] [230.872,310.803] 
[248.428,324.497] [248.45,324.421] [268.82,334.497] [290.61,340.734] 
[290.596,340.712] [313.302,342.752] [313.319,342.762] [336.099,339] 
[336.094,339.002] [356.948,330.514] [357.013,330.509] [375.419,317.309] 
[390.508,299.307] [390.479,299.331] [401.757,279.004] [407.845,258.07] 
[407.813,258.032] [408.032,237.576] [402.604,219.843] [402.656,219.757] 
[393.109,206.723] [393.013,206.792] [380.479,200.036] [380.572,200.114] 
[365.145,201.136] [365.121,201.123] [365.135,201.151] [349.039,209.05] 
[349.045,209.101] [334.923,221.712] [334.934,221.702] [323.608,237.421] 
[323.595,237.432] [315.977,255.124] [315.956,255.161] [315.954,255.115] 
[313.485,273.581] [313.459,273.655] [316.127,291.415] [316.17,291.43] 
[325.133,306.028] [325.091,306] [339.276,315.74] [339.27,315.797] 
[354.682,318.017] [368.799,312.841] [368.822,312.778] [381.572,301.377] 
[393.096,286.297] [393.074,286.287] [403.033,268.62] [403.056,268.608] 
[403.031,268.594] [410.256,249.584] [410.234,249.574] [413.974,229.885] 
[413.981,229.903] [414.002,211.325] [414.043,211.346] [412.525,196.893] 
[411.357,189.548] [411.335,189.49] [410.114,190.215] [410.163,190.326] 
[410.216,190.315] [408.932,198.676] [408.802,198.678] [409.986,213.347] 
[414.394,232.403] [414.4,232.379] [421.756,253.094] [431.906,272.521] 
[444.269,287.504] [458.494,296.446] [458.531,296.428] [472.962,299.085] 
[472.972,299.04] [485.906,295.536] [485.964,295.494] [496.718,285.911] 
[496.727,285.892] [504.978,272.045] [508.931,254.803] [508.947,254.846] 
[509.293,234.302] [509.359,234.278] [506.443,215.082] [506.483,215.065] 
[506.491,215.042] [499.616,197.292] [499.655,197.291] [488.176,181.959] 
[488.237,181.947] [474.344,171.821] [474.425,171.84] [459.33,169.363] 
[459.386,169.483] [446.053,174.386] [446.038,174.403] [438.336,185.707] 
[438.364,185.725] [438.348,185.72] [439.626,199.506] [439.664,199.546] 
[450.75,211.982] [450.781,211.974] [469.239,220.811] [469.286,220.792] 
[490.557,223.772] [490.611,223.789] [508.538,221.904] [523.538,217.039] 
[523.616,216.988] [535.766,210.7] [543.511,205.51] [543.501,205.511] 
[545.346,202.447] [545.335,202.439] [540.746,203.86] [540.738,203.829] 
[532.427,211.105] [532.483,211.178] [521.342,224.805] [511.056,244.351] 
[511.048,244.372] [511.057,244.328] [502.745,269.704] [498.612,317.265] 
[503.314,330.297] [503.255,330.459] [509.329,334.049] [509.361,334.022] 
[515.002,329.908] [514.932,329.966] [514.97,330.097] [519.086,320.1] 
[519.104,320.012] [521.838,304.994] [521.885,305.087] [522.711,285.773] 
[522.729,285.756] [520.862,263.634] [520.898,263.668] [520.955,263.677] 
[517.638,237.478] [517.615,237.467] [513.012,215.236] [512.882,215.059] 

dataset[3]  =   [281.282,164.141] [281.294,164.111] [279.874,161.116] [277.109,157.717] 
[271.748,155.03] [271.758,155.121] [263.885,152.939] [263.947,152.874] 
[253.508,152.876] [242.064,155.933] [242.106,155.942] [232.108,163.733] 
[232.066,163.695] [224.166,174.433] [224.292,174.318] [218.959,188.268] 
[219.008,188.181] [218.224,203.528] [218.243,203.481] [220.608,219.625] 
[220.704,219.701] [224.066,236.988] [224.106,236.873] [229.278,253.89] 
[229.258,253.937] [237.068,268.991] [237.135,269.1] [237.133,269.161] 
[246.561,282.954] [246.569,282.936] [258.706,294.607] [258.631,294.635] 
[273.368,304.759] [273.346,304.77] [290.6,311.865] [290.505,311.794] 
[309.927,314.508] [309.945,314.583] [309.958,314.601] [329.292,313.507] 
[329.311,313.5] [347.929,307.967] [347.931,307.976] [365.3,298.324] 
[365.339,298.364] [380.876,284.597] [380.888,284.574] [392.788,267.066] 
[392.733,267.129] [399.456,248.169] [399.464,248.147] [401.465,229.766] 
[401.484,229.697] [399.148,213.947] [393.147,202.004] [393.233,202.005] 
[382.927,195.033] [382.886,194.988] [370.079,193.003] [370.047,192.97] 
[342.176,205.078] [342.119,204.977] [331.462,216.437] [331.504,216.509] 
[325.782,230.349] [325.755,230.435] [323.559,242.312] [323.699,246.327] 
[325.838,262.109] [325.783,262.134] [331.514,276.514] [338.215,287.435] 
[346.926,295.68] [346.947,295.58] [346.94,295.63] [359.899,299.176] 
[359.932,299.137] [374.266,299.147] [374.254,299.085] [386.755,292.309] 
[386.76,292.271] [396.575,278.884] [403.247,262.124] [403.247,262.084] 
[407.578,243.703] [407.589,243.646] [409.505,226.884] [409.482,226.869] 
[409.767,214.306] [409.798,214.295] [408.786,208.602] [407.17,210.386] 
[407.233,210.461] [407.27,210.504] [405.418,219.197] [405.394,219.124] 
[404.439,232.412] [404.448,232.415] [405.239,247.875] [405.227,247.868] 
[408.786,263.386] [408.757,263.39] [415.14,277.813] [415.038,277.847] 
[423.554,290.509] [423.554,290.411] [423.545,290.389] [434.149,299.953] 
[434.117,300] [446.542,304.463] [446.536,304.448] [459.136,303.64] 
[459.12,303.635] [459.127,303.621] [470.469,297.569] [470.541,297.529] 
[483.948,272.265] [484.831,256.377] [484.869,256.407] [482.741,240.261] 
[476.864,225.052] [476.907,225.032] [467.899,211.972] [467.858,211.97] 
[456.056,202.795] [441.615,198.988] [441.614,198.984] [427.325,200.916] 
[427.208,200.931] [427.248,200.914] [416.205,208.079] [416.27,208.113] 
[411.538,217.412] [414.579,227.484] [414.547,227.535] [421.153,235.647] 
[421.154,235.697] [421.295,235.755] [437.165,242.961] [452.25,245.343] 
[452.264,245.26] [467.062,243.338] [467.09,243.212] [467.103,243.227] 
[480.366,238.048] [480.383,238.036] [491.674,229.729] [491.713,229.685] 
[498.765,220.848] [498.804,220.865] [498.797,220.909] [502.962,211.661] 
[504.564,203.631] [504.546,203.621] [502.972,198.917] [503.007,199.042] 
[498.738,199.002] [498.784,198.977] [493.499,203.481] [493.543,203.478] 
[488.613,212.195] [488.542,212.252] [484.034,225.618] [478.914,243.518] 
[478.881,243.51] [474.57,261.366] [474.648,261.292] [470.513,278.813] 
[470.566,278.848] [469.55,294.791] [469.505,294.802] [472.145,306.563] 
[476.918,313.16] [482.33,312.9] [482.35,312.94] [485.754,306.174] 
[485.783,306.14] [486.284,293.25] [486.355,293.161] [486.471,293.168] 
